ExtinctionRateChangeTimes
22.81175

26.03876
29.67348	18.43763
10.36064

7.914613	19.87216	14.35702
30.67724
30.4809	29.46274
30.31501	1.631813	27.33462
16.30493	21.85111	0.6200755


27.18694
9.866361	8.69698
13.56741
22.17015
8.96376
25.64367



13.92413

18.14367

24.17631
17.69108	12.97984
29.7827	3.51513
25.56761
5.157315	21.18677

13.5151


2.092791

0.9593206
17.2147	23.34696

13.14264
7.219372
7.532221
9.052841
21.32304	8.777036
19.65403	4.639333	29.34601	18.91321

18.3304



13.32621
27.49069
31.34014
22.38859	3.657108
21.01334	11.43541
18.1305
7.363374	3.123473
6.894689
18.48481
31.51332


27.98426
28.92468


21.27694	19.96594


0.6735547	20.34799
5.54888

15.83388
23.96103	9.494044	29.56232
6.27398	21.57781
4.467672	22.93584	0.6666127
22.52904
12.06736
30.85343
19.66909	18.75004
9.889262	9.692262

31.53639

21.35567
27.18049

12.36912	6.747151	4.119324
14.13028	18.43868

31.60953
30.11995	11.66687
0.3054202	30.38234


24.95545	23.52479	15.57998

7.805001	11.44586	2.742271

25.85144	27.53695
1.699269
17.97474
12.55924
24.0669
19.18534
26.28172
24.29814
24.69789

24.25835
17.10123
1.825527
18.4596	13.39234
2.896502	19.56296


31.35994
1.897782	0.2763355	23.70124
11.13234

26.77869	5.742027	7.3548	8.800608


6.883234
26.47106
21.74635	26.50286
1.824942

15.19384	2.764793	8.743292
5.721867

15.36745	18.66868	13.36315


13.55352
22.80753	16.30086
18.37874
9.943844	14.74483	2.498297
26.82799
19.55962	12.61472

31.72311	7.647379
25.84766	12.29219	25.94312
1.835215	14.78485


14.34085
18.17354
4.637586	14.84221	10.50628	13.08507

21.87244
13.44802
28.40966	12.34028
20.4592
18.94286	2.607144	3.206167
17.76279	16.12091	4.252856	12.05809

28.80234	13.47795

27.30883
9.069805	17.98173
17.93109	30.00644

29.06274	30.47836

29.6241	15.58357	18.26664
10.45088	1.848966

20.47429
24.9068
3.39668	25.03093


6.264703	19.90781	9.96705



2.918082	13.99533
25.52828

7.99659	11.75676	26.56341
17.49806
21.84247
31.35041	16.16079	7.986629	19.04974

13.5436	22.93662	10.9275	31.54178	3.7107
22.89021	10.68405
1.661236	13.34151
6.903136

14.25715

23.00925	6.143491


8.050999
25.55232
17.2529

28.8582	15.9129
14.23281	4.670166

9.298734	19.41035
21.01488
24.30279
27.64812
0.8504832



20.84587
17.77428
24.17437	19.70304
9.550519	24.05803



10.89805
20.23113
28.42838

4.75271
22.79917
13.67058




30.94124
21.66545	12.79237	21.7564




20.63819
25.27138	30.06628	28.02496
20.48373	2.29139
19.83303
4.248782	28.88105
8.231713

0.5710427
30.38612	31.31721

1.088171
20.56001
2.309543
6.982329
1.884705
19.85113

31.37081
3.374234


11.61616	22.64036

24.01417

6.155319	27.43971

29.70542	26.5339
15.38119	12.17546	5.665307	7.172384
14.60501
6.424415

19.86592	1.742
28.99963

0.1874594



1.400619	30.82611	7.35762
16.66883
27.68161	27.95485
7.905268	16.82493
0.8895707


20.90748
12.41977
19.48537	7.67111
6.57237
0.4184785


8.33635
28.44737	8.864642
0.4345199

27.25408	27.93151
20.93541	4.611505
11.7681

23.59701
28.31997
18.48169
24.12839	15.28125
11.41605	29.83815
21.0488	24.41952

13.22209	0.1956276
24.25806	9.904811

0.06940524
12.74813

31.58819

0.8219391
10.35411
11.04093	20.52392
19.11833
16.75961	20.25556	24.10946
9.480719
22.70271	11.72241


13.42395	9.649875
21.68225
14.23342

31.66685	0.1991548
11.57561
8.222941	23.95402	13.17851	25.15921	19.49815	22.74212

14.08372	2.739488

19.03239	22.31161
17.27609
19.45709	8.834855
26.8299	17.76921	29.01977	0.7995262
11.24023	30.96482
27.19687
20.36319	24.4111
11.03505

16.25794
26.61312

31.39236

1.2995	6.225353
0.7156226

14.64784	4.91862


1.612409	21.61351
9.943343	8.411267


18.35956
16.60167	2.94104
17.9717
8.095053

23.92821	7.425753	23.57255
29.02919	23.03608
23.75776	2.675869
19.0172
18.99705	8.891963
29.21874
24.84029	19.16019
8.031443	28.04192
21.44153
28.09134	1.244708
0.9521763
20.02848


31.22019

30.81615

8.298865	22.7139
4.558423
11.22621
22.66888	26.06518

9.545745
27.66272	3.376713	11.60938	13.91165

22.59779	23.18484	6.687522
17.02426	29.39538
26.55881	27.74853



24.88885	6.524525
21.73456	25.79764
3.419628
23.4651
16.68953	25.36822
16.73741	0.690138
12.14172
18.61668

12.32925
4.8151
13.83762	30.39126


26.96486


17.82718



18.3505	13.37507
17.71676



9.668723


25.54427

0.02133829

17.05969	15.93736
24.51062	21.44439	1.223713
3.300367	13.98975	18.04041
22.71401



6.238556	15.89141	16.95823


1.301618	18.17424
23.59859	9.286368
19.74327	31.23191
20.67708

6.739383	10.51826


6.056937	25.27432	1.556775
7.115994
1.506216	1.83627	14.44364
17.81612	16.20934
10.31365
11.14034

12.6854


1.879615

14.29549	9.340334	0.2868157


7.204557	4.802944

18.5447


6.712205
6.323497	0.02714431
30.31045	25.40849
10.12105



9.669962
20.90829




22.12432	27.63743
31.25894
9.588471	31.68386
18.99223	3.824978	14.57884	12.27924

9.130301

6.431337	14.21196


9.462507

18.54155	23.04751

2.262569	0.5119509
0.725129


30.37439


31.34415
6.112863	23.68085
23.81918	3.702446	27.65394
17.78511
13.81597
23.25322
22.02336
21.13996
6.681275
14.39204	0.09627811
13.21488

29.04368

25.90823

23.47262	4.813336
21.35392
22.27905
23.26184	30.1343
23.82415
25.05387
22.19735
23.33983
12.73017	18.73269	28.64623
26.2149	21.29907	25.27672
16.89426

4.89445
17.64276


8.110449	7.404379	2.626608
11.1973
26.52113	14.14103	30.7319	2.931545
12.99367



21.01226
30.23776	25.26966
9.053546	20.52026	2.654766
19.94824
13.91548
18.54426	5.535532


4.046163	20.73788
22.51306
20.42411	31.71902	27.8405
23.15704	25.54547
22.30157
21.31379
30.12865	19.16239	25.98329
10.33764

23.58743
22.40321
9.221751
2.90384
22.15866	21.93321	18.95538

28.72288	14.5347




26.69138	7.113978	3.454945

9.866807	18.72251


15.65505
28.2873	28.29637

31.76792


12.19703
21.20724

30.53884


24.69392

31.50157	19.03851
5.103592

27.1004

9.883238
17.38274



19.96639	27.72608	21.2759
24.96596	11.78973
7.10818
29.07306	6.639849


22.89087	6.20727

27.46354
19.50081	30.78765	29.17677
9.680455	23.4665	23.6829
25.25129
13.71168	13.8305


17.21464	23.47366	9.37749

31.57411
18.08133	0.7638887	31.53692
30.4179	15.06975

29.86656	8.508173
14.95449	21.2533
15.95446	4.381875
26.51453
30.74359







13.41359


16.28397	13.52498

29.8936	24.90518


11.46874




6.780036
11.02515



13.92641	1.542801	21.64648
18.90478
14.61648	24.39592


11.03552
20.93251

28.27743

11.66437
9.098148

29.80494
8.021614
21.03583
15.2263
8.406401



6.42079	7.886831	13.15778



5.389087
4.32504	24.85589
9.222092

4.406215	25.12631
29.44574
5.456734



12.35397


31.31595

2.302499	15.09297
5.677824
17.31042

17.18624	18.88165	30.81294

30.49661

8.278847
17.49776	12.20121	12.48231
18.41525	13.76226	8.358477

31.48464
25.943

11.51101
31.0325


14.93537

9.777358
23.66364
24.76313

28.49221	30.9709	20.24096	30.4047
26.27337	12.69251
20.34276	11.44208
21.55365
24.37326

28.08141	28.19476
2.453191

15.63601	7.668265
12.12541	30.37188
18.51276
31.30016


23.66235
11.27151	17.24528	4.937633	27.47202	1.379745
31.61018
14.327	11.00544


13.64285	10.93321	18.73599	27.34166
19.64296	1.884748
26.72546
5.842286
0.8126178	0.5649984

17.07393	14.7451

22.87071	9.617567	8.949816
9.070739
22.12041
3.540916




22.63977

7.827019	14.90285

27.18165	31.17457
0.2637763	25.51266	12.51209



25.47788	13.95542


17.40094

12.40293	18.1725

21.76913
7.152437	30.07979


13.71457
9.574676	11.58816
2.983355
30.82271	29.42782
29.09531	2.501869

0.4462844
10.29746

21.42669	28.16047


21.78973

26.65712	15.39908	13.434	21.37181


15.95316	11.45858

21.02215	11.03418

11.96241

12.85974	4.913157


18.40369
2.411835

12.14417

8.256613
21.1143
20.83133	13.22126	12.72845
18.81826	6.522711
19.64386	10.33798	5.2361
6.868522	28.0639	22.84218	28.68024
15.14546
18.47747
14.68421	17.31618
22.30863
22.84449
22.32083
16.72068	28.79447
24.24353
8.017817	23.01882
10.81563	20.09726	10.60586	19.90228	24.3196	26.18527
12.09293
23.62047

21.27873
21.51145
21.54723	25.18565
25.38187	19.73792
21.46851	7.806325
20.53646	1.684418	10.97896	17.71956




9.757263	22.18318	29.29597
2.968466	30.11262
7.148752
4.506839

12.90555	17.23659	7.467826

13.53367	7.920131

29.60372
10.14617	14.89592

3.177466

21.82492
15.94497
24.90408
3.179336	20.46261
17.42139



7.212227
21.21961
18.52062
19.86329	27.52593

24.02045

11.70367	21.5588
30.62042	19.9037	4.594699


10.83711

31.75588	15.51811	1.635039
2.817146	6.97413	20.70284
20.67881
6.782242	17.15126
10.94806
13.68667

22.36156	6.688832

8.66636	13.33897
22.50529
22.17342	0.1502501
6.775722	8.148992




3.560748	7.455598
27.0141	0.7943698


18.22016
2.843178	0.5232714
17.7682	31.32451
15.01472	10.86785	17.32715



14.70108
2.902911
20.56807	28.36854




3.20106	20.35351


26.40962	30.43288
17.82097	11.30582
19.78015

4.871094


9.895191

29.42414	12.30247	27.95846



16.58048
19.61563	23.61998
28.41	11.91164
12.65789	2.434859
0.7735375
2.398605

27.84167	2.454478
18.43917
27.63535
19.0504	11.04679	3.834518	7.20394

19.44058
16.67236	19.94437
18.7093
12.0728	11.0365

11.73876
2.663146


19.26008	4.728384
22.67517



15.0248	1.78518	2.979256



18.83737
15.37179	19.70486
20.28495	26.18968
3.748568
0.9379326	0.5042971	30.57669
21.98785	9.194976	4.063285
23.86013
11.10762	19.83437

2.699082	28.2195	22.77841

16.35439
24.05725	15.08759
31.42635

25.15182	22.62517
16.05853
22.71885
14.71043
31.21569	27.3084
27.87596


2.44328
17.52648
6.841343
2.637125	7.517545
16.47891	9.715837
19.76919	8.623288
2.56242	18.33942


21.72568	16.57203
24.95367
22.41194	1.206956


4.006301
0.07048494
1.364247






8.979756
20.72759
28.96224	2.569355	26.1977
9.200278	24.09188



1.049927	10.11147
2.954312


22.18034	18.2971

28.1411	10.82981


24.11627	22.08817
23.17577

3.071057





23.26879	5.532968
28.5012
15.14438
28.1714	2.567884

0.2519535	25.7554
20.10621	27.31231


21.61502
22.73155
24.90154
19.65508	4.277967	13.78089


19.43079	11.24325
0.7753142
23.98544

25.41414
11.15923	31.23265
9.425774

25.04568	7.871058


2.137789	10.28994	22.93816	11.02335
7.377396
11.84094	8.502518
22.95054	10.35957
20.04716
22.16956	0.1997155	6.856548
21.97658	2.593234
23.43693	19.72484
19.61343	13.35081	10.49189
19.86108
6.584959
18.51746	30.60682	3.494919
31.44625	3.628199	20.17957	21.81624	31.07283	19.15226
19.01447
0.8153728	13.53903
17.93472
20.63128	16.70994
22.07789	14.57528

26.13703
16.46853
15.72314
8.211146	27.40999	27.80029
5.736489	11.90676	14.37189
14.16507
11.97463
30.08455
29.9147	12.35076
29.94866
28.67008	21.49269
29.00648
29.00648
20.27496


1.506526	0.02258237	10.24018	7.369223
10.22248

9.552648	13.41922
5.246528
9.285904

4.096184
6.007948
31.70496
15.02173
29.47533	15.23322	9.989368
25.64399	26.70891	0.8554582

24.15323
5.163488
18.52425	13.90322




11.25055
26.52166


19.46834	16.89861
18.93727




26.08724	7.283485	28.25933	22.61731

20.94157	29.09083

26.58072

2.309661

27.6726
28.57864	18.96661	15.06816

2.26141	27.21111	15.07357	1.073014
15.83999


9.457579	24.30595
14.79613	31.76502

23.80161


22.47525
31.37826
11.50252

0.7442032
16.17489
6.647863
0.904829
7.431085	5.553202	12.67462

8.953532
4.115081

21.21642	3.149913


15.52179


8.565074
17.89522
20.98754

28.96469
8.526704
24.44203	8.776298

25.75155	28.75525





23.26477
22.42832
6.438565	7.33143



28.78504	20.81789


0.6880076	29.33336


21.00834	2.504717	25.36287

28.07563


17.18924
12.40094


6.902256	1.226684
29.54728	18.68577	17.81807	17.18196	27.58514

5.261447
23.96368
14.76849	25.46158
10.45111
18.73995
29.35107	20.08805
29.58553
12.20425
13.87334	18.04657	24.73839


9.44639

25.03071	23.8048	26.93522
10.85128


22.13481	2.354659
22.98063
23.66499

4.179195	5.862222
5.756076

29.8332	31.3173	21.61752
21.58719


11.02466


5.233107
6.365251	31.46668
7.126106
0.848885

10.19064
15.79175
28.4303
5.14506	21.1205	30.93218
17.29336
21.43438
31.72825


19.77868

10.44457
6.891686

21.22524
23.50508	0.8833827
23.50508	10.03959
22.72086	22.10706
14.02243	16.33414
16.74133

27.60934
26.67669


23.17945	12.14827
14.94219	27.82311
7.429172
16.83131

13.8462
15.89018	7.307068	10.34313


20.28053
14.62248	2.149236
21.07261	16.97475
28.72318	3.907923
28.93208

7.851039	22.2148
10.37296	27.82798
29.05451	19.44879


24.68107
30.14428
29.74059	0.5243014

4.381338
23.0049
29.08637	29.34416	25.50912

29.21086
13.94261	31.1246	30.31992
29.64391	19.82401	12.28586
24.67566	14.33092
25.27013	7.712968

2.410649	4.52966
5.357411	8.852141


19.07737	11.72355

10.52579
18.79195
23.06028	25.56627	21.75436

2.622814
5.605773	28.4564

20.00127

17.2536
2.511632
13.13842
27.01371


31.15655

15.58512	9.653456	17.31065
24.27379	9.143844

15.05414
4.16789
12.12804	23.52296
25.71312	8.517597

9.776222

17.77117
6.030039	4.997301	26.56231

14.28114	6.862106
6.596642
5.556708
20.81455
0.298725

14.74992
2.222979
29.47949	0.3161795	13.90997	2.44823	25.57011
4.330912	26.87973

9.895043
10.32982
30.0805	0.7007508

13.12034	24.17179
11.75727
2.234316
10.88995	9.848376
31.3866

19.0168	16.78763	2.026688	21.00292
10.07547

29.87745	10.71754	19.39255

18.63347	24.29225
18.30169
14.40351
25.40385
13.37084



7.427476
6.117644	23.53492
29.2827	28.74361
22.19568
15.55788	28.30157	13.74508
18.32431
18.60728

23.10068	19.04031

23.05513
18.63678	4.57568

22.12743
23.95798	9.818317


20.27063	23.39367

31.74767	3.965085
30.18491

16.05913
9.840389
21.47176


18.51104
25.2225	27.66109	14.83559
27.21983

6.238491
1.813179

1.131076	22.96661	19.20557
6.88881	17.67986	28.33104
31.67272
24.26275	1.80283

18.99889
25.00691	22.75842	6.169837

9.187918
8.992971	30.28023	10.05454
2.673218
6.171115
26.68121	31.71131	5.220662	17.72777	31.63049
2.372434
13.78885	3.573044
9.416279	2.205904
2.07597
3.756547	0.2113048
23.50054	0.6459145
9.555429	28.7551	0.7696132



28.40019
27.83383	3.416897
25.50972
12.91485	20.64928	0.4226909

11.53936
4.344262
7.163161	30.46159
22.84709
11.70162
23.62318	17.0654

13.82495


3.435757	10.27126
10.75527


15.03277
14.96513	4.671519	20.66249
4.895049
21.66168	20.93234
6.475237
21.63366
12.04391	12.28112
21.65697
22.16704
19.69611
17.72299	1.915746
27.78907
23.59686
19.76783

13.80612	17.59601
16.22142
13.57162	17.61388
29.12288
26.99879

0.138398
29.73101
12.69042


14.45038	31.40191
26.6958
5.299473	22.14955
20.79764	1.760949	15.48244
29.69809

26.5426


3.424718

20.87357
5.691975
18.51672	24.18313
12.3564	21.96556	16.51324
14.8442
8.360126	0.2314434	12.34375
11.146
18.3441
11.01185
12.06989

10.14974
10.82451
16.07657	18.13156

6.896758	16.78393
2.419204

20.90826	26.53321	10.92391
23.02486	18.70144
10.61757
13.88872	15.20127
3.824254

18.06263

5.830708

25.96899
12.82978

14.42275
15.05824
23.69995	14.38455	14.52085	13.88901	18.07831
7.277932	13.14225
11.00736

13.40243


11.15003	9.876068	20.47678
17.39402
21.7676	24.14721
0.7553013


29.13285	14.94939
26.00271	21.48646

2.504657
8.457667	21.72547

28.532	13.6984
31.32195	26.75003


7.501277	16.56322
17.02631	6.872382	14.09855	30.50053

18.10351	8.96154
28.89412
9.519068
22.20512
23.15786
8.637502

12.45486	9.004056	31.16299
14.08745


20.89335


0.4474888	27.56052	27.99095
20.22622

24.97273
11.44256	10.4147
30.84847

1.523789	18.92571
6.398272

2.776722

22.02665	6.432167	3.121653
6.256978

28.93535

5.211031

19.0956	14.9511



28.09144	30.7702
3.579285
21.82621	12.397
17.33377	17.16016
13.15107
2.443964	1.183205	8.613822

19.88567
20.14045

4.648414	23.82354	6.142557
21.9136
23.73099	27.66943
22.4678

25.10838
19.24974
23.69839	26.82799
21.83531
22.67465	1.795509	29.30819
15.90446	4.733316

29.3128


22.85591	11.19546

14.13395


22.50481
21.10425	29.8425

22.13652	26.85672
21.60062	30.25521
25.03561
27.71718

14.77016	10.57902
3.020349
23.09081
7.151595


16.91985



29.78036
29.98105
25.16199


23.88655

24.27801	16.79557	4.960741
7.941816	4.234388	9.148347	16.18262
24.40838
12.66472
11.56508	22.03345
14.5414	24.42717
20.6042
31.77175	30.84559	6.3237
6.778892
26.51557
0.7137115






28.11322	25.83976	11.48383
9.296693
5.750838
5.946276	2.524938
26.628	25.59325
21.17527
26.50322
3.155125	6.768463	5.663836
11.72622
29.85781

28.25237	15.64372	21.81952
19.48124	9.093993
12.37506	28.83006	1.87443	23.87473
7.763913



14.15853	24.48136

24.41677

6.409671
30.61588

30.2614
25.00233
4.224109
24.67356	4.241843
13.31339
10.14218
20.07136

21.45




29.12422	6.093282
16.28173	6.765736
28.85279	2.849975
1.582835	13.9517	17.20714
0.005658858	19.38
14.74753	18.09839	29.27789	12.54529
10.01979

1.689043	30.59737	17.97421


13.88137	31.06961
3.825521	4.347512	10.36873	13.36257	29.11183

2.020511


3.399372	21.72368
22.46683
16.66043


2.47075
18.33847



18.80435

31.39287	14.79516	18.96821

25.31709
10.55764
26.48788	27.39884

22.96426	4.16544	19.89909

19.77968
5.69388



24.88522
20.31463
12.6298
23.69308	9.893787
17.09609
8.597257	10.09464	22.91797
0.5850915	7.485516

19.42289	3.977645

19.81484	29.05861	6.637676
13.84583
28.46113	1.271112	12.22207


16.33218
24.38417

18.15377


16.34475	28.37071
11.59397
9.75047	14.5914	11.40252
6.029277	13.27438	27.38719
21.39199

12.29003
15.70523	25.85548

23.13362	13.78925

14.92626	4.428904
12.77764	13.96463
14.1292
5.382603
31.18445	0.889933
13.78318	6.095675
12.10166
16.50681
29.7606	10.97869
7.234322	26.0824
22.81314
16.77848


9.850822




26.08803
25.31675
11.28352
8.715916
25.52191	9.367647
18.54849
3.69685


17.85845	10.29414


28.80899
27.19701
6.048469
27.98598	15.29007

3.478993
3.74681	6.293687	29.61387


26.09416


3.099374	1.680329
28.59859




12.77374	2.966823
14.54294	16.60339
0.6054454	15.20131	4.886165
9.235289

8.610205	20.89808
16.86774
19.91947	31.45283	30.27407
23.1845
21.62032
15.64602
24.2449	17.62921
18.88368
29.55817
5.165295
2.68869
5.864128	7.572621
13.45466	21.10062	2.01658
15.95166	16.83226
12.61211	8.487264
24.05005	5.62546
0.3247816

2.489212	5.96311

2.765388	6.220292
7.265276
9.228914



24.77677	24.15532
24.28275
4.134088
22.5811
23.58329	12.21156	15.18814	21.28488	10.14943	12.56521
12.83995
3.126835	28.73911
20.02705
25.951	5.247556

21.25865	21.26884	28.51529

16.0772	3.86566	3.941933


20.42671	14.66854	26.57346	20.13969	30.42455
23.80825	19.22659
20.30055
22.41801	30.47366
23.07441	31.20752
21.73924
21.37172
8.870679
2.835086

3.721493
1.118204	25.4181
11.98517	0.5868119	1.740153
24.12769
6.734732
30.30294
10.3528	7.072483	5.172904



4.421261	4.891922
21.1204	16.83228
12.29598
11.5684



17.19054	9.035585
18.75648	1.212641
31.46849
1.458779	16.02297	0.9919856


17.64642	22.60431
4.763259
27.3711

21.29145
6.873903	1.649674

28.01698
27.3197	25.48285
17.68148	1.03829

11.15813
22.75339
22.7954
10.96863
11.39901
21.89472	12.75149

15.10573

16.9545	18.73023

2.230254


29.40397
19.83712	9.404996




18.0746


6.865282	29.9154

4.277582
12.308
12.69601


2.593183



3.571499	9.808066

3.461345
28.88204	5.824785


10.40697	19.96749

8.20844	10.85431	26.17489

16.50227
17.09858


10.0739
13.03676
22.63798
21.60051

5.206247	13.39369

22.20275
21.21863
13.35362
22.31288
23.59185

26.80323

17.51715
27.91067
22.91322	5.75925
4.90582




3.980125

13.70804
14.42169	11.93184	7.13644	26.33947
8.464812	19.79018
14.27507	4.450068	22.12933	28.50229
23.47477
14.04917	17.29208

22.17446	19.26072	7.224614


23.27522	4.163501
1.40921	25.77987


7.050728
17.94751
13.71548	8.246623	17.72718
6.646835


8.999188
1.131872	12.32466	30.48116

24.69776	16.26825


15.78681
7.781215
18.75207
21.51237	11.26722

12.19157
14.8939

10.70503	4.282043	19.95665	20.73015

26.13244	23.31642





23.00143	13.45467
15.03184




