ExtinctionRates
0.0001590691	0.001447303
0.06150305
0.0006285154	0.01568778
0.002714568	0.01186734	0.01313184
0.00547781	0.001242296
0.003078122
0.009178986	0.0003178919	0.002011493	0.05923153
0.009931834	0.021535
0.04343874	0.001898955	0.0050792
0.04974977	0.001553312	0.0004215154	0.002286414
0.001310751	0.0002272496	0.01464301	0.06420618
0.008969893
0.01378344
0.0347915	0.0007382026
0.03304384	0.0001056932	0.01950853
0.05925643	0.0006383727
0.2034229	0.004109692
0.007387491	0.002638142
0.0005865883	0.005210563
0.0001553152
0.009830445
0.0004591751
6.139345e-05	0.02298472
0.0006570154
0.0008200746	0.009045771
0.005088646
0.00210865	0.001058993
6.351232e-05	0.003254936	0.1022718
0.003869506	0.00586438	0.001086925
0.001151105	0.006038254
0.002093817	0.005663267	0.0138836
0.0006203525
0.0003328674	0.0001536189
0.001803384
0.001740688
2.189668e-05	0.0007328384
0.001545434
0.0004308677	0.00205562
0.004881078	0.0004262743	2.366981e-05
0.008301335
0.009221432	0.02891871
0.01158333	0.002549088
0.009357202	0.001550688
0.001941789	0.02329024
0.007253983	0.002091084	0.2362761
0.02570015	0.003280967	0.2848505	0.04904862	0.04770284
0.003408525
0.03606535	0.0003822554
0.03245748
0.0007472134
0.01002765
0.001830117	0.0005127299
0.01972248	0.003377595
0.001908894	0.001638985
0.00239463	0.02079747	0.001630094
0.1519445	0.0009152771	0.3274077
0.1567174	0.001994064
0.03024351	0.01468811	0.1374409
0.002443555	0.0002796434
0.000539402	0.00138168
3.829284e-05	0.00154078
0.008629536
0.009709654
0.005968675	0.01479629
0.02021012	0.00443908
0.001921684
0.005450906
0.00462851	0.001850045	0.0272288
0.001825542
4.064955e-05
0.01259986	0.203773	0.00293889
0.001474118	0.01998044
0.005133107
0.19423	0.0005033827
0.01225619	0.002874539	0.1292863	0.0005247553
0.0001664489	0.4706091	0.0008738274
0.001883687	0.423855	0.003803814	0.03896777
0.06541456	0.002704015
0.0852222	0.01366107
0.0005954999	0.003686978
0.006705233	0.0001915398	1.436506
0.005464362	0.002373194	0.003608893
0.01678828
0.0002661333	6.188821e-05
0.02508508
0.2443309	0.00436896
0.0006825272	0.0001626806
0.005209092
0.0003354747	5.019476e-05	0.002739698	5.709963e-05
0.002565212	0.006663456	0.08184221
1.864906e-05
0.03152919	0.01113758
0.001169968	0.0003297946	0.004501645
0.00824218	0.0009096915	0.002727356
0.003865793
0.03517963
0.002785272	0.003805541	0.0006255899	0.0002895804
0.002676217
0.01198234	0.002699918	0.02802118	0.001050004
0.001172204
0.06469415	0.002338792	0.00736518
0.1166678	0.0312671
0.003647769	0.02187379
0.00225278	0.007823409
0.01690944	0.01489715
0.0009302865	0.00336542
0.001971585	0.0001272612
0.00139075	0.0005477792
0.001487606	0.02007814
0.001158469
0.001805181	0.001232075
0.01899347	0.02037946
0.007663583	0.001133538
0.0005670829	0.001125974	0.005859365
0.0003282107	0.02716964	0.001502135
0.002234122
0.0001721809
0.001772831	0.0004198027
0.002016339	0.002253591	0.08209946	0.002083151
0.001066236	6.174222e-05
0.0009975716
0.002521679	0.0006805932	0.0002772115	0.0005064875	2.79736e-05
0.0003105317
0.0008757403
6.113815e-05	0.02786979
0.00318236	0.01617831
0.001228944	0.006409887	0.0001744742
0.009164567	0.001223645
0.01851911
0.06603855	0.002238458	0.00561879	0.007573437
0.02171061	0.003158756
0.0006732371
0.003336293	0.08098413	0.02372834	0.000800968
1.161579e-05
0.01657839
0.05847059	5.53054e-05
0.1856745	0.005269679	0.05177386
0.3029337	0.002743893
0.003956343	0.1898183	0.02399318	0.008033148
0.001263219	0.002427505
0.09333991	0.002853887	0.2090901
0.001903148
0.0009028936	0.04520418	0.0003443712
0.00326108	0.002736423	0.01350783	0.08108847
0.0005107297	0.00035019	0.002495508
0.05999626
0.01803084
3.118693e-05	0.0146535
0.001008108	0.002889307
0.002013569	0.0001384985	5.727234e-05	0.0004117527	0.01233484
0.03916788
0.001387696	0.001238248
9.002325e-05	0.0001462347
0.01210419	0.004268891	0.001312926
5.243653e-05	0.001590922
0.006930622	0.001806282	0.0001982957	0.0007672837
0.002657399	0.004096358	0.001148793	0.001170973	0.0002218195
0.002303399
0.0004146121	0.06893266	0.001117624
0.007665367
0.003970364	0.0163557
0.4618754	0.005004712	0.01696441
0.02582514	0.1298841	0.003009548
0.1218732
0.01060871	0.02548245	0.003994663
0.0143961
0.005795004	0.002934864	0.04451517	0.005738833
0.008579315	0.03528052	0.03712903
0.00546341
0.2060371	0.00216695
0.003326787	0.008217998
0.0003964888	0.008167235	0.05497465
0.02947563
0.01353779
0.00362345	0.002078999	0.0001036436	0.00767497
0.0005473691
0.0007571733
0.02362317
0.001250705	0.001358277	0.003165475
0.01233744	0.04774494
0.01001158
0.03957758	0.01550207	0.001287331	0.005220279
0.00462372	0.0005557133
0.008686424	0.02451655
0.2013777	0.02466979	0.0002915169	0.05132299	0.002356586
0.03053881
0.001607201	0.001749534	0.0007101673	2.743756e-05	0.008108585	0.1339575
0.03927694	0.006742359	0.01247059
0.007489655	0.001662247	0.0001989646
0.01233892	0.008259084
0.0002478429
0.005763812	0.002930272
0.0002772385
0.04077171	0.00195026	0.07355189
0.002962866
0.0002078149
0.002878034	0.001737477
0.01463662	0.02329771
0.1321835	0.01611394
0.001773925
0.01430831	0.03933469	0.0001045285
0.005256338	0.0005509216	0.0005181443
0.0001215239
0.004329076	0.0008415475	0.002303005
5.955512e-05	0.001600109
8.008815e-05	0.005306432
0.0004895749	0.0007982507
0.002736561	0.0002716563
0.002787889
0.005476214
0.06107216
0.00872127	0.003995052
0.0007191545	0.0009200737
0.001434145	0.006354436	0.04915469
0.0006135933	0.001655368	0.0007339625
0.009157663
0.000219219
0.0002949071
0.0006751599	0.0186455
0.0009534748	0.005478935
0.0002574353	0.03084469
0.004363292
0.004831603	0.001946763
0.003541739	0.005487714
0.0033948	0.03767195
0.0003393724
2.616242e-05
0.007640089
0.009110235
0.001157995	0.02740879
0.1765767	0.04600505	0.1218111	0.0008155046
0.06402901
0.007217813
3.111979e-05
0.01095547
0.2110223	0.003598038
0.1955946	0.02787434	0.01361018	0.001261125
0.02507854	0.007855296	0.2803122
0.0580541	0.001669214
0.003953636	0.0002454836	0.003618418
1.603053e-06	0.0009866978
0.0001604588
0.0004775936	0.01120322
0.005245935	0.004283263	0.06272305
0.005623043
0.02989686	0.0002073892
0.0003391801	0.006267608
0.002426114	0.04358321
0.0005456825	0.02610317
0.0001193981	0.02584864
0.0004593848	7.346792e-05
0.003562489
0.006836648	0.01002781
0.0002129625	0.01669425
0.01076902
0.01420958
0.01055398	0.09544007	0.001515979
0.001449603
0.01273786	0.02453058
0.02113127
0.004258204	0.001891342	0.008125951
0.01132983
0.01932502	0.005085667	0.0002632203
0.02888512	0.01102194	0.02779374	0.001237996	0.0008177617
0.03315612	0.0003703006
0.003173442	0.01097695
0.001071157
9.208148e-05	0.007618453	0.02449446
0.006163217	0.003653556
0.004973973
0.0001436252	0.002603574
0.004434663
0.01043719
0.04620436
0.0530502	0.04290989	0.005697196	0.0005590238
0.00938047	0.0198141
0.002315546	0.007382728	0.001768672
0.00147308	0.003220957	0.01759598
0.0004024131	0.002978548
0.02784428
0.005736887
0.04041289	0.006092965
0.003592153	4.331556e-05
0.01728442	0.006328576	0.005033724
0.00152394	0.04658497
0.000877974	0.003233553
0.00139798
0.0004084956
0.0004666085	0.0005558649
0.007745546	0.02454795	0.0006864846
0.000338076	0.003503838
8.451097e-05
0.000343389	8.448092e-05	0.02053964
0.007479743	0.00472188	0.004230955
0.002840018	0.01585615
0.09806011
0.001557188	0.1021255
0.0001618978	0.003140539
0.001754713	0.01146285
0.0103439	0.001977569	0.1625643
0.001693873	0.0004676809	0.01343411
0.00206765	0.007421062	0.0003570186
0.01041294
0.0007683199	3.237959e-05	0.01050604
0.009865707	0.005619854	0.02697822
0.001624533
0.0003553612	0.0008289431
0.007435919	0.01251705
0.04816673
0.003177588	0.9991805
0.001421922
7.4112e-05	0.006175122
0.005684107	0.0003389716
0.0008401214	0.002697763	0.01621033
0.0003445264	0.01414237
0.02768737	0.005398436	0.02487932	0.002632664
0.00485619	0.0001862754
0.01674017	0.001506385	0.04207652
0.0003568848
0.0008692204
0.003435495	0.03204985	0.005324162
0.006098219	0.004821068
0.0004344103	0.0007928119
0.00341601
0.0003568595	0.005573852	0.008111675
0.002621924	0.0004500858
0.0005811115	0.01977138	0.01704851	0.00509254	0.002281856	0.001812453	0.003439206
0.0004581799
0.001597321	0.000503978	0.003942381
0.020567
0.001518444	0.001951718	0.003873555
0.0121471	0.01632646
0.001942899	0.003363793	0.00352921
0.05477261	0.02068943	0.004030144	0.00333846	0.01012165
3.565513e-05	0.001497973	0.008369183
0.002964826	0.0003541511
0.0003281113	0.001447737	1.887478e-05
0.1517363	0.01473544
0.01535499
0.2013776	0.002028861
0.0005014387	7.986785e-05
0.001986645
0.01210637	0.003842413
5.851482e-05
0.0003379464	0.001382586	0.003013295
0.00428664	0.002416457
0.002413507
0.01586096	0.01305179	0.00295863
2.131471e-05
0.0003551762
0.06063462	0.01609297	0.004059013
0.002029121	0.0007090858	0.0001450704
0.0001953681
0.01597012
0.00475447	0.0026856
0.01796109	0.0004757049	0.03426945
0.006807395	0.0004606053
0.2582064	0.004500529
0.09176742
0.00359029	0.009440633	0.08367368	0.000199876
0.03528752	0.009003201	0.00288342
0.05757701	0.0001598102	0.000844573
0.02206193	0.004317502
0.03777562	0.000604281	0.0004965099
0.00233204	0.003690202
0.08338513	0.008019543	0.03113953
0.02244981	0.0004898043	0.006352084
0.1617433	0.001793212
0.001070046	0.001343785	0.005564063
0.008579471	7.642479e-05
0.002751552	0.0002015669
0.0004585761
0.002429468
0.0201053	0.002529498
0.02591552
0.0001464552	0.03225205
0.04705965
0.01861974	0.002005214	0.0003790816
1.754805e-06	0.0005423639
0.009093012	0.069533
0.0302186	0.01388583	0.0003522689
0.0002375949
0.0002096001	0.002702724
0.09638823	0.001168276	0.0003283527	0.001586213	0.006661436
0.0001870467
0.00979097	0.006113266	0.009683978	0.04955377
0.02724447	0.007092486	0.008862617
0.03196326	0.02160004	0.07774728
0.09576146
0.09222742
0.06613218
0.004132809	0.02577293	0.04452314
0.007372974	0.0002048617	0.001839488
0.008615237	0.02897489
0.0002448885	0.001001233
0.0004721134	0.001163591	0.02796247
0.01327634	0.0272863	0.001381611
0.01014425	0.00241159
0.0105977	9.056053e-05
0.02813508
0.003562528	0.001298007
0.0097286	0.003044315
0.001951505	0.01459003	0.0184897
0.01289423
0.01036272
0.003187196	0.001564385
0.008593358
0.04641915
0.01245465	0.01039088
0.0002638437
0.02576457
0.003251296
0.008165012	0.03354442	0.0005440717
0.0009467555	0.005505371
0.002741873
0.001639113
0.001478426
0.004561103	0.01113213
0.001365048
0.0122472
0.1058122	0.1098078
0.0002388139
0.01602587	0.04370045
0.001100733
0.05854289	7.688865e-05	0.1799743
0.01626232	0.004606881	0.004814771	0.02723282
0.001067763	0.0002121408	0.2468688	0.002038845
0.0009069757	0.0003517919
0.002199628
0.0245642
0.002530083
0.008802533	0.0004022591	0.001403859	0.004197558
0.004641668
0.005859566
3.218129	0.0001717656	0.0003969285
0.1090972	0.0004548317	0.0002203169
0.0001062946	0.002578357	0.03742227
0.003875952	0.001309919
0.00417064
0.0005277364	0.002709806	0.000566622
0.003373847
0.0006556412
0.003323706	0.01254865	0.03550142	0.1068941
0.0002521666	0.002024514
0.0002714427	0.01348563	0.01344171	9.546902e-05
0.0013573	0.07515427	0.001891698
0.00132374	0.003280131
0.006794768	0.005367299
0.004521609
0.01865478	0.02551813
0.001445955
2.488167e-05
0.000615324	0.00297182
0.008488092
0.04862837	0.01448596	0.07009971	0.0002287595
0.001391437
0.0003671078
0.09889434	0.001286515	0.0006037534
0.003412424
0.09416807	0.0009038746
0.0002443727
0.0002629978
0.008533555	0.00248318
0.1282053	0.0001893321	0.02836866
0.0008335498	0.2475295	0.0001726212
0.001085626	0.001223575
0.01903214
0.02136574
0.002412758
0.009992431	0.0004404169
0.0002055263	0.001013616
0.002591737
0.008323963
8.860724e-05
0.0003335732
0.09978487	0.004427812	0.009408528
0.001960392	0.04440478
0.06037856	0.04718997	0.006463812
0.0005344694	0.02528343	0.1612352	0.0004050295	0.1188579
0.002595901
0.01055753	0.010263
1.022912e-06
0.009389953	0.002032716	0.0002987561
0.0002616185
0.00130377
0.005299614	0.05361215
0.01685815
0.2055639	0.001017505	0.001116557
0.01946671
0.02109211	0.0009257974	0.01355204
0.004044456	0.002072065
0.01089777
0.002043588
7.627915e-05	0.001813202
0.001674862
0.0006793401
0.002349628	0.009448057
0.1690599	0.009195899	0.0002322496
0.03333369	0.0001187765	0.2446403	0.001009856
0.2287205	0.04616511
0.2621594	0.003954398
0.3038674	0.00121709
0.3901181	0.0001882089
0.3904607	0.002536111
0.01316991	0.001337623
0.002401876	0.01798535	0.00312312
0.000145945	0.01608563
0.004662325
0.008505875	0.06252138
0.003031931
0.002828539	0.00065549
0.004495312
0.000675257	0.001035862	0.0008534809
0.3951289	0.01253336
0.3020183	0.07429812
0.2058655	0.01295934	0.0001233644
0.4375172	1.602398e-05
0.2585588	0.01141445
0.2387953	0.0001005584
0.2843774	0.003214976
0.006663107	0.0294254	9.014326e-05	0.00187922
0.006430941	0.04461218	0.002882423	0.002349802
0.002163413	0.01546144
0.000393174
0.007536815	0.004470717
0.0002878247	0.001208054
0.0002954568
0.0014966
0.1515813	0.0006778969	0.007005894	0.0001441802
0.04290628	0.01742502
0.00851675	0.0005901294	0.00169098	0.002004197	0.02625226
8.2205e-05	0.001062975
0.002540043
0.0001019648
0.0001526423
0.009632427	0.05882017
0.0005460961	0.005033751	2.424191e-05
0.0005823223	0.310722	0.02201193	0.05427139
0.04207061	0.010525
0.03204317	0.002280242
0.006649068	0.002493632	0.1635386
0.008587367
0.01152362
0.07465825	0.258574	0.006748667
0.2147011	0.004778602
0.2944621	0.006199281	0.0001925519	0.004281468
0.2731462	0.009593657	0.00654357
0.2799658	0.005385851
0.2257146	0.04439174
0.00583332	0.005103876	0.0003149331	0.009427183
0.0008577357	0.03876907
9.286096e-05
0.1598085	0.001184596
0.2072912	0.003590628
0.01686972	0.006715352
0.0004507223	0.008096571
0.02826775	0.007754019	0.001835783	0.29889
0.0153084
0.00110851	0.1341776	9.405321e-05
0.001742284
0.001433523
0.001496575
0.001135206
0.01735574	0.007362604	0.0490444	0.0008008614
0.002171305
0.0009389269	0.003703611	0.0008157093
0.01418602
0.01511196
0.001960402	0.0005469137
0.006215456	0.05629386	0.0005552555
0.0032687
5.047548e-05	0.04274943
0.001079946
0.0003494601
0.003488945	0.007449976
0.000131812	0.007839697
0.0007171237
0.0002286413	0.0004115302
0.001729228
0.0001107579
0.0004390255	0.0003799984
0.01405868
0.001649184	0.0202736	0.006661168
0.004880069	0.07836569
0.01265529
0.01078653	0.001533824
0.0312974
0.01110081	0.007615446
0.001559904	0.08896735
4.180324e-05
0.02385666
0.09149375
0.00167881	0.0007232225	0.08405819	0.001407264
0.01068169	0.007220756	0.0001155284
0.0008711332	0.01759534
0.01122354	0.09432866	0.01233547
0.08577827
0.0002818709
0.1413597	0.002201131	0.01058328
0.001220838
0.0008569883	0.0005209898
0.001863825	0.0138039	0.0006353565	0.0005459035
0.0003294967	0.01855214	0.006811259	0.003415641
0.01551847	0.0004600217
0.0003150284	0.0003240322	0.002482765
0.003932578
0.0243971
0.006642178	0.001100309	0.007932784	0.2963151
0.01623946
0.001798995	0.003796641
0.1156128	0.004506462	0.08399869	0.01221234
0.005731525	0.0009073838	0.01350427
0.0001112601
0.03162761	0.08359407	0.01823178
0.05049155	0.01815242	0.07109901
0.0001694037	0.0159386	0.04623186
0.01556986	6.346936e-05
0.01498439	0.03415242
0.002946653
0.000675383
9.400341e-05
0.0001428899
0.004181815
0.001360739
0.01566774
0.0008830078	4.021661e-05
0.004992035
0.0001369297
0.0003801484	0.02702314	0.1354543
0.0005077453
0.002232049	0.01502062	0.004123302
0.04454445
0.01093002
0.006127822	5.239163e-05
0.001637478
0.01577613
0.001132518
0.03099775
0.1828336	0.0001234089
0.0002835868	0.0004444502
0.0002229814
0.003553103
2.326388e-05
0.01878066	0.01258768	0.1233236	0.005249989
0.0002010723	0.01949401
0.002919905	0.0004511617	0.01620704
0.0232648
0.01417399
6.614847e-05	0.08976416
0.01724955	0.01777685
0.001196316
0.001008927	0.0277735
0.003819125
0.003925573	0.004632014
0.000155248	0.002390376
0.002903005
0.009506384	0.001009661
0.0006032542	0.00111726
0.0003843253	0.002733811
0.004849125	0.00488525
0.1002459	0.02120003
0.0131914
0.03138344
0.006889421
0.001681658	0.000473896	0.003807231	0.001380727
0.0008734784
0.000148851
0.002956227
0.01807847	0.0009444723
0.003731354	0.0009843466	0.001861112
0.000204489	0.02344201
0.02025155
0.01154391	0.005776506	0.0001432542
0.01152561	0.2024683
0.03013904	0.002297184
0.003083478
0.0003917799
0.002230093
0.0005942721	0.0001125039
0.002446329
0.08336736
0.07556223	0.1907991
0.0005723474
0.003667869	0.0001397016	0.008165555
0.0006677287	0.03217053
0.004243131	0.0005717054
0.01517682
0.03998439	0.006715105	2.975122e-05	0.0002522085
0.0002683454
0.002459969	0.007713239
0.002179617
0.05919243	0.07638651
0.0006135806	0.001435092	0.00113978	0.006590977
0.07564905	0.002814014	0.05387318	0.01220285
0.0008922091
0.001455251	0.01247956
0.008322795	0.004097275
0.008419866
0.001194422	0.0002508409
0.0005993034	0.0580666
0.0006602235
0.007519386
0.004423819	0.0004914859
0.00206164
0.0003987022	0.008438099
0.0001358267	0.003389362
0.01928132	0.0002237854
0.05537287
0.0002822078	0.001642643	0.08275148	0.020891	0.01960018
0.002383468	0.0004692859	0.003938458
0.01238581	0.0002112472	0.002273226
0.001260281	0.01364656
0.006787009	0.003913102
0.001059327
0.002970685	0.04494652	0.1571136
0.2312493	0.001352018
0.000938076
0.01248553	0.008282707	0.02532515
6.96901e-05	0.003586391	0.01267999
0.0008496166	0.005091696
0.0006432566	0.0004921727
0.04491595
0.002370679
0.05346246	0.006378798
0.003116815	0.01098931	0.0007119982	0.01497264	0.0396084	5.944151e-05
0.008236964	0.0412425
0.001344932	0.06639915	0.0008966644
0.001682277
0.02430686
0.006513171	0.00024618	0.2163257	0.001523374	0.001158952
0.0002883265	0.001578041	0.0001087931
6.020989e-05	0.00358134
0.003345085	0.0004310294
0.003978438	0.003693576	5.27687e-05
0.0256489
0.187909	0.01439807	0.04550748
0.001690492
0.0009383199	7.012731e-05	0.06712883	0.03878746
0.001057282	0.01590288
0.008614012	0.000424203
0.0009351259	0.008361369
0.001110232
0.0008647016
0.003959256
0.0003941036
1.636154e-05	0.0287048
0.0006518515
0.01201014	0.002922638	0.003319368
0.001110633
0.0004515083	0.0001273506	0.03983814
0.20862	0.02767996	0.001193549	0.06882069
0.002319788
0.01571241
0.04920543
8.670219e-06	0.006414692	0.1212304
0.001136692
0.01576858
0.0004990704	0.000549821
0.0001370317
0.03647589	0.007068957	0.01740064
0.0001741771
0.01716105	0.03636318
0.03279924	0.0001297672	0.001486282
0.002948377
0.01463215
0.02124064	0.002147787
0.01332291	0.003037614	0.01561556
0.009246839	0.003265903
0.01491754	0.0008063821	0.001243854
9.121977e-05	0.1113078	0.0003951825
0.02494164
0.0006394854	0.002348961
0.1368163	0.000169091
0.0102769
0.002034782	0.001637605	0.1193438
0.005495491
0.0001532946
0.02622727	0.0002640807
0.01928482
0.0005324282	0.005167758	0.001724597	0.02522919	0.02305482
0.02629651
0.003281324
0.0009726861	0.02463904	0.01257492
0.02109555
0.03572469	0.001172245	0.124014
0.006543894
0.004969249	0.01921808
0.002665846
0.002648482	0.02961763	0.002591629
0.007750225
0.03099026
0.03868032	0.003134186
0.001376206	0.002559739
0.0005442384
0.02506769	0.0003956006
0.01553871
0.006089831	0.0007073521
0.373095	0.0002938596
0.206216	0.00351476	0.1872399	0.004579005
0.02310894	0.001264796	0.1975524
0.005153325	0.0001877359	0.09444541	0.3556036
0.004900454	0.4230776	0.01687949	0.00214899	0.004635267
0.1157585	2.042962e-05
0.1996468	0.006772115
0.1655524	0.01839183	0.0008655123
0.3298004	0.003439437
0.363042	0.001362439
0.2164296	5.7089e-05
0.2646967	0.0003025558	0.001016601
0.03138902	0.005644249
0.001243593	0.2361242	0.0005255688
6.319996e-05	0.3233998	0.0002294228	0.0005825473	0.2213251	0.02725497	0.001216882
0.3552254	0.003477311
0.0004480945	0.004238172
0.01349256
0.2383668	0.002306466
0.1991494	0.003036134
0.1651267	0.006064962	0.0004558288
0.2513066	0.00726151	9.850959e-05
0.02144965	0.004706614	0.324519
0.02826748	0.003010505	0.006332924	0.04855558	0.00755892
0.01060101
0.004331873
0.0009513712
0.002405252
0.0006132893	0.002220843	0.002287444	0.01768973
0.4584746	0.0004488911	0.006526129
0.0008455524	0.01055171
0.0002420868	0.02286233
0.0008276421
0.0006123833	0.0003660498	0.001858892	0.02559858
0.02983239
0.008755909	0.003185483	0.007691548
0.0001304585
4.529787e-05	0.01446133
0.003792852	0.05514499	0.00457991
0.0006657709
0.0005558804	0.001990261
0.004666791
0.1145061	0.02301142
0.02138876	0.005307627
0.00021736	4.294563e-05
0.00227062	0.005431206	0.05748746
0.08985618	0.0002829742
0.1101329
0.01236601
0.07633161
0.001517592	0.01385364
0.296423	0.001075177
0.2346487	0.00368903
0.4084327	0.01858168	0.000566527
0.0005264921
3.158979e-05	0.001430671
9.848614e-05
0.001618349	0.01187886	0.0004535664
0.003850732	0.08031884	0.0002457906	0.01134831
0.001555774
0.06464095
0.0003119363	0.004744881
0.003531052
0.0124558	0.003737083	0.001555797	0.01177024
0.007540482	0.02539586	0.001837799	0.007811254
0.0001827108	0.001010964
0.01681116	0.0007939764	0.003486663
0.0001429906	0.00380567
0.0001302001	0.002562071
0.0001157849
0.001810215	0.006070755	0.06821166
7.588942e-05
0.0001369055	0.04200809	0.0004048344
0.000782773	0.03161722
0.01996626	0.009026444	0.0006771786
0.05116033	0.0002148737	0.02494835
0.0004216984
0.0001039222
0.003971924
0.0001208474
0.007358819	0.002787224	0.01193199
0.003740875	0.0008675604	0.002617925
0.003541326
0.01215881
0.01612311	0.001908932
0.003898042	0.0007093412	0.006395413
0.3150338	0.01045422	0.04030527
0.02403267	0.001651632	0.4350261	6.866605e-06
0.03087268
4.755514e-05
0.001855512
0.005620723	0.0006623202
0.001992748	0.001856932
0.003387419	0.001443859	0.002336974
0.006816904
0.0004823452
0.001191562
9.939591e-05
0.001539743	0.0002768388	0.0001967546
0.002377143
0.002666333
0.02364641	0.00302506	0.0008483088
0.001494187	0.0006830295	0.0002719174
0.001374079	0.001176027
0.06700705
0.00261175	0.04097482
0.0002053027
0.005906135
0.006967194	0.02040325
0.001692336
0.008497344	0.06759743	0.01099569	0.005921177
0.002760591
0.004128834
0.0008670433
0.03881701	0.0008324667
0.03756861	0.0005580825	0.01083309
0.01904258	0.03121476	0.05522436
0.005007899	0.001409528	0.0009658063
0.0004283448	6.017455e-06
0.005997288	5.073367e-05
0.004084537
0.005161019	0.0006598893	0.006404282
0.06493443	0.001184094
0.003571367	0.0003020276
0.000647158	0.005534268	0.0351064	0.0002681394	0.001339621
0.04125616
0.1823575	0.02070367
0.004547882	0.1855824	0.008990629
0.2429027	0.0002327733
0.05914333	0.00465859	0.001660057
0.02784886
0.06979475	0.000330621
0.005816074	0.002101851
0.004894006
0.003373397
0.003305313	0.0001008455	0.0002321287
5.799162e-05	0.0002921998
0.0007260677
0.009963465
0.0002058516
0.0004530447	0.04920377	0.158399	0.0004268608
0.000372261
0.001181063
0.0127054
7.360644e-05	0.003986546
0.002107804	0.001296421	0.0002676595
0.1870003	0.0004460137	0.01056596
0.0007612897	1.723662e-05
0.0006915344	0.002432558	0.2214723	0.004077276
0.1779134	0.002226754	0.2382999	0.03051224
0.03365829	0.0001313031
0.000654412	0.009146469	0.000153816
0.01301321
0.001554632	0.003386649	0.005903743	7.659149e-05
0.009366404
0.00696651	0.00973229
0.01814092	0.05205332	0.001033541
0.002663302	0.003238057
1.223661e-05
0.007557381	0.006133948	7.398821e-05
0.0004775957	5.299915e-06
0.02548265	0.0155354
0.0002402879	0.01382156
0.001680542	0.0005640113	0.00846135
0.003141891	0.01045456
0.01617472
0.001357983
0.0002135575	0.005095651
0.007288828	0.003294512
0.003479855	0.008273259
0.1526586	0.01007209	0.002515641
0.004209044	7.020144e-05	0.002562499
0.02198216	0.003695696	0.001176859
0.009491998	0.004031818	0.0001353794
4.554083e-06
0.004604869
0.0003313401	0.004134704	0.003517871
0.008448798	0.03473999
0.01163049	0.01289388	0.073099
0.0001444085
0.03110405
0.1697789	0.01861833
0.002567566	0.008741303
0.02063522	0.002298144
0.002068128
0.003305638
0.0003966861
8.592019e-06
0.01040856
0.001576168
0.004115447	0.0004790228
0.02994552	0.0001332337
0.002649158	0.004444562	0.002624083	0.00466505
0.00107429	0.007279671	0.000379795
0.005573505
0.0005451784
0.000231294
0.0001603377	0.0005107342	0.005101243
0.0005404927	0.04185854
0.001032014
0.1415679
0.002237733	0.0002702479	0.04785805
0.0492418
0.00229252	0.07786165	0.01981351
0.001903649
0.0005358736
0.01801559	0.01319583	0.005506106
0.01456775	0.0004087243
0.0008516358
0.01290845	0.00400252
0.001767488
0.0007203019
0.000864742
0.002377726
0.002988686
0.002706125	0.0006308374	0.0116668
0.002079241	0.00417153
0.09463756	0.0008791044
0.9608522	0.03883346	0.006095841
0.04756613
0.004807564	0.3540149	0.004524687
0.2992664	0.02063836	0.134995
0.0005169988
0.1254618
0.1978589	0.1065653
0.05796876	0.001103774
0.0001180424	0.0004656125
0.001278711	0.003332874	0.01294137	0.07073584
0.00373896
0.0001476154
0.02004519	0.001162367	0.001109065
0.006660029	0.008019455
0.001064318	0.001494512
0.002837964
0.01579974	0.008780834
0.1793228	0.01581963	0.007088319
0.0264408	0.0001528365
0.0003566101
0.0001577425	0.003823885	0.008436103
0.003240722
0.001047897
0.4867546	3.193751e-05	0.01071879	0.03249408	0.0001852044
0.02648411	0.005055663
0.0006874886	0.0003674188	0.00134996
0.01335326	0.005615389	0.0002197217
0.05949696	0.003480593
0.00705572	0.003855837	0.04967983	0.0004373141
0.3696504	0.005797952	0.2683952
0.3658048	0.0001934031	0.03809101
0.1772748	0.0006782689	0.001003933	0.1505477
0.3695386	0.005282564
0.002587125	0.002116804
0.01987728	0.09142726	0.0003364785	0.2316802
0.001634791	0.0005665403	0.2316802	0.0009732185	0.0005680735	0.000276773	0.000747481
0.335823	0.01112901
0.0009247201	0.01246246	0.003732858
0.1328514	0.0001981964
0.1112893	0.003873557	0.001414846
0.03682457	0.008297402	0.006410245
0.02027708
0.004552496	0.0009499488
0.015156	0.002269033
0.007941745	0.008119834
0.01561164	0.007232703	0.0005333126	0.0005132965
0.1167062	0.164785	0.01497636	0.03812982
0.277604	0.001492673
0.001932189	0.009342376
0.0009334979	0.4304953
3.258379e-05	0.4304953	5.988383e-05
0.004071803	0.4219438
0.0005842491	0.464712	0.01907883
0.01848874	0.3896139
0.002395657	0.3324036
2.190072e-05	0.008031454
0.003356806
0.0001270686
0.003320855	0.355949	0.000876154	0.008395304	0.05099861
0.01682805	0.002047612
0.01273373
0.00152452	0.0009345772	0.02033129
0.003077333	0.001464846
0.01194127	0.001044031
0.01671862
0.03976248	0.0007447999
0.05905327	0.006979734
0.002127445	0.0005120818
0.009796029	0.001500658
0.0008980186	0.0001538511	0.02196827	0.1614902
0.00118955	0.003963377	0.001385899	0.03475529
0.01484313
0.02159182	0.007935854
0.0002803346	0.004599506
0.001433941	0.002526342	0.213544
0.000934726
0.0003839224
0.0008674925
6.898219e-06
0.0009676506	0.0009213199
0.002798683	0.02666586
0.001564635
0.0003036225
0.00176679	0.006075651	3.872511e-05
0.01216489	0.002096302
0.001309986
0.008364926
0.0003312544
0.01311995
0.005033485	0.001261935	0.003538231	0.001919327	0.02075135
0.003387657
0.007044806	0.0002081945	0.04075253
0.06347184
0.07489719	0.006065901
0.001429583
0.002528638	0.0009817459
0.0006189231
0.0002457879	0.001871185
0.0008147436	0.0903406	0.003358582	0.0006898198
0.00948247
0.003633015	0.004563548	0.005213601	0.01346774	0.001459723
0.0008984608	5.3328e-05
0.002774447
0.001579455
0.00201704	2.022033e-05	0.0006825554
0.01878526	0.006027881	0.002295235
0.0007104204
0.04966972	0.02874286
0.006495364
0.02223795
0.008788756	0.001392582
0.0001063012	0.04191138
0.001639782	0.01307784
0.009022778
0.3412275	0.002359078
0.0003588779	0.00235208
0.001529009	0.000387632
0.0103942	0.007690305
0.001695727	0.001384894	0.002917044	0.0002397387
0.001439739
0.0009272498	0.01376229
0.02738678	0.01425848
0.01990205
9.551208e-05	0.004958972	0.0001583551
0.02781698
0.09313865
0.02795078	0.05657677
0.005547599
0.03995975
0.004976631	0.0004594755
0.0002308968	0.0003664374
0.003224911	0.003138144
0.0004639561
0.00406936	0.003636572
0.0006281391	0.002475294
0.001967627	0.001475419	0.009507448
0.001810584
0.002377632	0.002188411	0.000237464
0.008245938
0.004403459
0.001274858
0.001036426
0.003074247
0.03452846	0.0005645032
0.0002551914	0.01221129
0.01290881	0.0550512	0.0008094097
0.002638403
0.00590633
0.004315862
0.002666843	0.01230151	0.004094321
0.01139444
0.03155964
0.005431787	0.001101108	0.006063487
0.001161684
0.0001066671
0.01598648	0.0005808791	0.001537906	0.005429212
0.0003319592
0.001724153	0.02177905
0.05883065
0.001216428
0.1383001	0.03060408
0.002303035	0.04963195
0.005222089
0.003383414
0.0004233126	0.01526809	0.09423069
0.0003972456	0.08807412	0.0003946259	0.002213512	0.000183807	0.07122229
0.0006917889
0.06383887	0.001115383
0.002020252	0.00128369
0.006070312	0.006981991	0.000497661
0.003340827	0.02166256
0.03111931	0.005330946
9.541057e-05	0.1174099	0.004398697
0.0004585121	0.0243042
0.002242963	0.002316589
0.06525465	0.1823062	0.00241672	0.0004350928
0.01437946
0.002819842
0.01150216	0.006747914
0.0003094529
0.007443788	0.0009009166	0.001587129	0.003925068
0.000251397	6.240286e-05
0.1391238
0.1806715
0.129536	0.0007213676	0.2385544
0.1976132	0.01597671
0.0005454077	0.002317048
0.00263053
0.003208637	0.003257815	3.98182e-05
0.000406106	0.01201827
0.001318214
0.02723218	0.0733541	0.0005491296	0.004083252
0.0001744708	0.0003472588
0.0003436603
0.0006048596
0.05186281	0.002239329
0.01888457
0.004895328
0.01199924	0.001869052
0.02487574	0.000574567	0.01440905
0.01055432	0.003633499
0.0005743975	0.0441354
0.01732539
0.005724758	0.0002829798
0.001924526	0.002413188
0.003598426	0.1078936
0.0001431452	0.1559763	0.0008713746	0.0002101195
0.0008052929	0.00779267
0.006325395	0.008040555
0.004886033	0.01081231
0.0029479
0.002060335
0.000966681	0.001210243
0.0006742664
0.0004205531	0.003536549
0.01016077	0.009875943
0.001278565
0.1703365	0.006226117
0.00191726	0.001111679	0.2435712
0.09709782	0.005496158	0.3684618
0.3029515	0.01389736	0.01111799
0.07389773	0.03064671	0.003609637
0.3306489	0.0005727399
0.001482755
0.001580776	0.001391653
0.0002114931	0.0001213026
0.00211246
0.01211371
0.0001446227	0.004743619	0.002192711
0.05396389	0.01830993	6.829655e-05
0.0001375203	0.003407517
0.0005637693	0.01232244
0.03255974
0.01307832	0.008117357
0.0590329	0.01212623	0.009782141	0.05068794
0.01178753
0.006316223
0.0001278898	0.0002357348
0.00168985	0.01975275	0.09870699
0.003107746	0.1762856	0.0006267027
0.006502379	0.207528	0.006857867
0.00459461	0.1030056
0.0001620011
0.006469699	0.02235538	0.0199417
0.003019132	0.01459929	0.007138362
0.003380801	0.006051463	0.0009767224
0.002780853
0.002096991
0.07987817	0.000243237
4.143283e-05	1.81001e-05
0.006188669	0.1082489	0.05636648
0.001690412
0.0001886652	0.00806273
0.0003115788	0.001366349
0.0001502573	0.001631449	0.00105745	0.005830913
0.0024574
0.003521584	0.1514239
0.03149639	0.002031	0.005692088	0.008599504
0.01453902	0.0006874803	0.0006615935	0.01312891
0.006198514	0.007168653	0.001860712
9.035698e-05	0.003709197	0.0001492454
0.001396718
0.06445978	0.00084088	0.001684714
0.001271772	0.004485192	0.001981771
0.0006723109
0.0001555739
0.05121726	0.006805908	0.009796192
0.011703
0.001181178	0.05594448
0.002171997	0.07801019
0.002341078	0.0009528709	0.0003051543	0.1751208
0.02126113
0.0005432192	0.004668953
0.002090709	0.00063705	0.01785984
0.002984651
0.003209833	0.0002204343
0.003585069
0.001219302	0.04300903
0.0005716491	0.05231135
0.0006265285	0.1274222
0.000658745	0.182368
0.0004320453
0.0009724329
0.02411256	0.002472633
0.0005167485
0.04172208	0.001230446	0.04010255	0.008556739
0.08574122	0.0003864904	0.001501561
0.01330784
0.007538657	0.0003446846
0.001962367	0.003642883
0.001147405	0.07697467	0.06266784
0.0008190041	0.001659117	0.003645903
0.04108548
0.004429553	0.01765766
0.001026219
0.002574562	0.07126045
0.0005428708	0.000846062	0.005306514	0.005285998
0.02564667
0.07067202	0.005913563	0.01711259
0.0004210375	0.008218964
0.003820717	0.0002285311
0.02230784	0.0003078758
0.01040622	0.007335548
0.01416779
0.004414122	0.01853261
0.001136639	0.01042227
0.04335478	0.00208847	0.01164589	0.0223675	0.1844733	0.0005003277
0.2550716	0.0005592501	0.006626976
0.0002406813
0.01052583	0.005881612
0.001282589	0.03478863
0.007916947	0.00115107	5.011305e-05
0.001624811
1.220797e-05	0.06967619	0.02900584
0.0006295745	0.001871598
0.03733129	0.003332823
0.0001832816	0.00260432	0.002362069
7.694633e-05	0.001309891
0.01284742
0.1303793	0.008718326	0.008465631	0.04860767	0.01218947
0.1202777	0.0003049106
0.001291058
0.1213919	0.0008773049	0.0005632045	0.01601748
0.02879914
0.006050514	0.005245458	0.0009237566
0.005239377	0.0006209868
0.02128933	0.003173387
0.00956888	0.0367262
0.0002818002	0.005652993
0.00110959
0.01160366
0.03417878
0.001354086	0.02136802
0.005102686	0.01048459	0.005469127
0.001492574	0.01989736	0.003906823
0.02907394	0.00063478
0.0030259	0.0002760989	0.0004000395	0.07531466
0.2677607	0.0004049254
0.02792271	0.002270012
0.008405413
0.1138614	0.0003647609	0.02744422
0.01500518
0.09520701	0.04164205
0.08110965	0.000142411	0.005789273
0.0007776015
0.0005526402	0.001042264
0.006895638	0.0002278658	0.007237459
0.0007381219
0.0001376991
0.008060128	0.01660164	0.001483614
0.005273538
0.003335726	0.0235937	0.001148491
0.002441776	0.008349654
0.002140317
0.02929674	0.02210065
0.001561008	0.004469366
0.04957944	0.01639046
0.007494708
0.002883225
0.0003248628	0.005341059
0.001594047	0.0008181253	0.007357477	0.0001946174
0.05184534	0.007630717
0.002170328
4.141265e-05	0.0013588
0.0003716902	0.00793141
0.1240722
0.0008820571	0.0010734	0.04102558	0.0007359153
0.07851889	0.004331178	0.01691006	0.005568886
0.0005487533	0.01014537
0.02410093	0.005060851	0.01482175
0.0003240936
2.373316e-05	0.004267146
0.00061946	0.00464678	0.0008710582	0.04243725
0.002583998
0.002419767	0.0008982846
0.01858097	0.005620279	0.001566812	0.001734324
0.03575531	0.0001621191
0.01570482	0.00452433
0.009549432	0.01662617	0.003795113	0.00819506	0.003975131	1.711524e-05
0.001822941	0.0009501705
0.004606105	0.0002259011	0.1085951
0.0004624057	0.02591966	0.007064833
0.00243065	0.01164813
0.05245271	0.0003443554	0.04521914
0.001455413	0.01486107	0.1858866
1.517267e-05	0.01043866	0.001593151	0.000432425
0.0192436
0.006082149
0.02358275
0.003364057	0.01202454
0.09263867	0.005248298	0.01242604
0.0005313095	0.0005395984
0.007341388	0.1261538	0.009678153	0.004406214
0.001101061
0.0003084549	0.0003848369
0.0005956101	8.456992e-05
0.0006132307	0.0004608031	0.001530065
0.003051401	0.01524403
0.006792989	0.08604976
0.02576623	0.004758306	0.003130942
0.004323947
0.01491152	0.003301016
0.0001767797
0.003572009
0.02516774	0.014583	0.00233065
0.0004095026	0.0002129003
0.0004400366
0.003886533
0.0001174805	0.001548681
0.02059021	0.001798756	0.01014652	8.133057e-05
0.0007840883	0.01151945
0.002975855	0.003837341	0.006828035
0.004362041	0.0002779331
0.001136945	0.0005633862
0.06918617	0.0009264196	0.009675118
0.03153183	0.00101646
2.748652e-05	0.005200793
0.0004740139	0.007381978
6.051859e-05	0.002532405	0.008623958
2.906506e-05	0.004728333
0.01013722	0.008211945
0.008766762	0.0002710978
0.003107904
0.0006334837	0.02948318	0.003512142
0.000174283	0.002202319
0.05579365	4.81759e-05	0.002088498
0.00245034	0.01158797
0.008547651	0.002166573
0.006738961
0.0005345458	0.005425907
0.001525876	0.002102984
0.03031466	0.0002277176
0.001669126
0.01827547
0.02811917	0.004156409	0.0321626
0.006994711	0.005870012
0.0008014342	0.03970998	0.03428674
1.352028e-05	0.001012968	0.008844576	0.1593611
0.006412295	0.002123352
0.0009628514
0.002898383	0.0009202704
0.006226892
0.0002883116
1.257631	0.01216185
0.004681847
0.2533868	0.003041025
0.003969514	0.002917354
0.004639506	0.04543891	0.002047233
0.0008058317	0.001654383	2.236947e-05	0.006322862
0.000594317	0.007480597
0.0004279702	0.002232749	0.07590057	0.001998647
0.01036132	0.0002515899
0.01903377	0.005984455
0.03293979	0.01466107
0.07507766	0.001014899
0.01161641
0.002743942	0.04109921
0.003759232	0.0002088529
0.0005200231	0.0008302768	0.001267942
0.00351754
0.02676371	0.001289598	0.0009973278
0.0002065078	0.0003913056
0.001021939
0.01515347	0.001362617	0.00193621	0.01519201
0.03697217	0.0004210105	0.0004037777
0.01495776	0.000176222
0.001163701	0.0002602129	0.0004594387
0.001010724	0.001565342
0.0009010852
0.001529009	0.002358122
0.1103284
0.03798849	0.000785373
0.008572755
0.003867706	0.01262218
3.261589e-05	0.006499317
0.001033253
0.01612014	0.0009158754
0.001410628	0.004926748
0.1240109	0.001891252	0.001463196	0.00594448	0.01560792	0.001929679
0.01499253	0.006666602	0.0006847092
0.06328228	0.001477764
0.002242061
0.001572624	0.000116622
0.001291475
0.01417501
0.0001007158	0.05922402	0.03532351	0.005546154
0.00266843	0.0002825863
0.03645991	0.00877462	0.002347282
0.009987139	0.0003971025
0.001061803
0.02353783
0.000646035	0.005925377	0.002986836
3.984397e-05	0.001435807	0.02190345
0.004070872
0.0001762945	0.002778199
0.0005910608	0.007007274	0.0002058024
0.0006234618
0.03846117	0.0007095574	0.004377376
0.01425651	0.003093679	0.1213681
0.04600892
0.0006627999
0.005330896	0.01387599	0.002248244
0.003825635	0.001442756	0.001116032	1.60286	0.2015621
0.02179335
0.00510984	0.02264251	0.04883339
2.479521e-05	0.005854736
0.003783607	0.003689948
0.01048634	0.009212408
0.003236923	0.001122005
0.000463014	0.004827855
0.0009699647
0.01575907	0.00422621	0.005494913	0.002083038
0.001582801	0.000201084
0.002908601
0.0001012575
0.006772909	0.02023615
0.01776022
0.02197285
0.3722918	0.007233578	0.0310086	0.0001869681
0.07025532	0.03141337
0.009662495
0.02856033	0.003201917
0.002875107	0.01923814	0.003818877
0.001478029	0.0003461842
0.008389091
0.005744161	0.01935931	0.01064333
0.003176552	0.00882097
0.01342816
0.007436403	0.003728936
0.01131774
0.03096656	0.001774071	0.001969774	0.004952501
0.01506218	0.002794512
0.002429209
0.0005632692	0.002868544
0.01174947
0.0002100543	0.01655187
0.008114605
0.001195199	0.004267071	0.001041642
0.0001264409
0.001830193
0.02880914
0.0003222487	0.0003334829	0.005473271
0.01527391	0.0006388162
0.002741516	0.0004619846	7.307087e-05
0.05036055	0.0003686297	0.002011435
0.0001572059	0.02421645
0.002233335	0.009297625	0.001348803	0.02238743
0.05630427
0.3039229	0.00345534
0.2301128	0.0014136
0.007380048
0.0009373421	9.441649e-05	0.0002237795	0.0816169
0.2198604	0.0004610806
0.2605338	0.001900506	0.0002007801
0.2605338	0.0001385968
0.0002871707
0.01717843	0.0002750575
0.03681627	0.0007715157
0.3547916	0.008834846	0.003797592
0.3559939	0.03091074
0.002846359	0.01030342	0.2931464	0.004141312
0.001884687	0.001965975	0.3789772
0.003039092
0.001638561	0.001783558
0.001110059
0.005984628
0.01425548	0.0003202064	0.1705982
0.00109901
6.190446e-05	0.002116074
0.02702899
0.07145404
0.2821761	0.0007257664
0.3101214	0.0003068406	0.001120449
0.009503424
0.1962527	0.003832527	0.002743274
0.2610975	0.0001105298	0.01189142
0.1692146	0.03978842
0.0004617712	0.005865422
0.001351969
0.03762146	0.00844294	0.002435647
0.006717502	0.009562489
0.0001080858	0.0002737648
0.0007187882	0.003093739
0.0001703319
0.0004181663
0.0004796136	0.02034529
0.008412768
0.003133017
0.003536892
0.0004086777	0.005466558
0.01079696	0.002164905
0.007470673	0.002271555
0.0003605251
0.0005988232
0.009959509	0.001807679
0.03281798
0.002569925	0.008162842	0.001132756	0.1031324
0.009741988	0.00820033	0.01936958	0.0003103695	0.02686126
0.0003822496	0.01254767
0.003864622	0.001740845
0.002656878	0.001539481	0.0001661865
0.00346015	0.001961987	0.002106886
0.01397903	0.005543146
0.1378123	0.01410236	0.0004253444	0.02704897
0.002036807	0.01887707
0.04599912	0.05515633
0.005551515	0.0001099215
0.001747749
0.001795894
0.05986386
0.0001749253
0.01513097
0.0360655
0.0007390187	0.001727883	0.001930986	0.005906509
0.008099402	0.0040846
0.2690234	5.51882e-05
0.001993387	0.05652012	0.1177702
0.03729003	0.1342887	0.07958672
0.005385375	0.001132475
0.0009608418	0.000162852
0.002835843	0.005441451	0.001528245	0.000459537
0.01842582	0.001883497
0.001082463	0.0008767759
0.001181597
0.001058665	0.1691669	0.0004231677	0.02178413
0.01679975	0.00188886	0.05083213
0.0008735588	0.0126432	0.0147922	0.0009949277	0.0001972632
0.1197279	0.001555735
0.06075079
0.03334521
0.007193084
0.05542566	0.01781258	0.01265123
0.002829496
0.1394164	0.02717228
9.088884e-05
0.05691029	0.001890087
0.0008499168	0.004947642
0.001111983
0.0009675677	0.3608962
0.0005485317	0.0003781022
0.0002660982	0.0002984728
0.0005422312	0.007034603	0.004412942
0.0002926911	0.0008977043
0.075578	0.004250001
0.02353856	0.0003397679
0.0009232201
0.005394546	0.01616848
0.005283966
0.03256916
0.0002081895
0.002069883
3.169306e-05	0.01151049	0.003166663
0.00716922	0.0020554	0.001984004
0.007283664	0.001165456	0.003617628
0.0006764626	0.004739903	0.02928265	0.0004202712
0.001180078	0.03287532	0.002597743
0.001445385	0.001381231	0.03025807	0.04463655	0.06191988
0.0008715937	0.0003106192
0.0247595
2.574399	0.0009220661	0.001131049	0.001203875
0.0003128274
0.01929789
0.07169196	0.002691347	0.0004997903
0.00186041	0.007647817	0.002442758	0.01073003	0.002199109	0.0271127
0.006682297
0.0003837741	0.003361291
5.362446e-05
0.01667726
0.02629747	0.01058018	0.01350128
0.01049167	0.0005364064
0.002582147	0.004065459
0.006121037
0.0001742404
9.602251e-05	0.002493001
0.002480246	0.04595906
0.002522357
0.0004501926
0.002988717
0.0005883149	0.0002658169
0.101795
0.008080666	0.0570533	0.03979615	0.004305972
0.01176171
0.001714056	0.000366145
0.005092009	0.008395124
0.001811239	9.618126e-05	0.01441993
0.004899812
7.082447e-05	0.001549999	0.003845961	0.0002247686
0.0005796011
0.0001877775	0.006869897
0.008246549	0.0004724354
0.01085264
0.0006720982
0.001179903
0.004259391	0.0006488695
0.1397587	0.001248888
0.0005340198	0.01141955
0.0007818546	0.063698	0.02554012
0.2887385	0.004068198
0.003087864	0.0177856	0.00527107	0.001591456
0.003928523	0.007930347	0.004981209
0.002302197
0.01134247	0.001033095	0.001921644
0.002768813
0.0003832848	0.04745028	0.002054353	0.003698077
0.08601097	0.003123681
0.002557873	0.2550007	0.07975047	0.01388243
0.0319638
0.009924448
0.08024209	0.008316695
0.0005297011	0.0002303504
0.004282812
0.0003920809	0.01032243
0.01729485
0.001015998
0.005863588	0.005807676	9.88392e-05
0.001655225	0.02553424
0.03915862	0.05264091	0.002806283	0.01197435
0.01372594	0.001865752	0.0005160962	0.02140349
0.0003302999	0.0002064975
0.02351379
0.0004575371	0.003710888
0.03579793	0.002870894	0.000626365
0.00691146
0.0006422883	0.003570403	0.0002135728
0.01072379
0.01878884	0.002270735	0.1173791
0.002264745	0.004810858	0.0001556733
0.002856009	0.005921129
0.07175524	0.08172266
0.02474446	0.006608842	0.005361307
0.01546658	0.007867349	0.002619659
0.0006053142	0.008621984
0.001721825	0.003664766
0.01243958	0.0001137181	0.008632013
0.0004284037	0.0006126975	0.0009164124
0.02071843	0.0002425825
0.08554829	0.0006649008
0.0003773484
0.0002706909
0.01415457	0.01682972
0.0005449361
0.004040846
0.01853839
0.0004894119
0.002237903	0.009358735
0.03310501	0.03015303
0.0008737535	0.003729726
0.0003359823	0.0001763435
0.0003187373	0.06687115	0.2096246
0.002107374	0.002424974
5.236461e-06	0.002750772
0.00104793
0.001112243
0.02933485	0.003666637	0.03695836
0.005121849
0.01230757
0.0008352018	0.001722094
0.001074444	0.004851916
0.001951472	0.02366322
0.04068639	0.07065488	0.01166031
0.0006896754
0.0006092317	0.000485361
0.0001319367	0.0002092545	0.005302074	0.0007578274
0.001281109
0.03808921
0.005793257	0.006683449
0.001153653
0.000692671
0.003382067	0.006827769	0.001555077
0.001396655	0.04988085
0.002217834
0.001122909
0.0006009062
0.009444943
0.002897718	0.001204581	0.001767728
0.0008055484	3.909559e-05	0.0008314947
0.000461571	0.0006319798	0.004364828	0.006940502
0.0006612153	0.01033436
0.01062389
0.02914989	0.001545164	0.001060254
0.4130235	0.003543928
0.2721697	0.03284003	0.02572487	0.007241206
0.2676976	0.04004501
0.2663088	0.006162079
0.2840901	0.0006113076
0.2168718	0.0126782	0.09407831
0.0009071364	0.04799534
0.00108262	0.0009385712
0.0002323339	0.0012791
0.0005074708	0.0004890669
0.02372535	0.04156151	0.01130812
0.006726178	0.0320414	0.0003383621	0.004849444
0.002298592	0.0007627829	0.002008111
0.0001407828	0.01874179	0.003929948
0.003632446	0.004854116	0.06368756
0.3879717	0.02495472
0.001048172
0.0042654	0.0006132159	0.0005731656
0.0001999894
0.001904724	0.001321671	0.001343005
0.008789573	0.002609841
0.0006018668	0.003804419
0.0133402
0.003342214
0.01153976
0.01998211	0.01407223	0.004565724
0.002652203	0.01429222
0.004516951	0.01041252
0.002476295	0.01691068
0.000270232	0.01586056	0.007137277	0.001004194	0.03926147	0.03000076	0.0006062418
0.02064872	7.413165e-05
0.06454126	0.001691959	0.002485822
0.007912885	0.005030588
1.985356e-05	0.003463995	0.002018337
0.001698266
0.002108528	0.007893626	0.008123489	0.006419917
0.004576905
0.08222232	0.01760659	0.03459819	0.002895473
0.0006341269
0.01379034
0.0004881245	0.004460282	0.008088256	0.004178279	0.05676525	0.008545231
0.2607987	0.000277734	0.002051073
0.2993848	0.002037971
0.2993848	0.01789424	0.0002380903
0.1990629	0.00296795	0.0006573298
0.2181275	0.01034858
0.1966679	0.0002489381
0.0008218188	0.002147266
9.082691e-05	0.007798111
0.002650208
0.003991569	0.0005543617
0.0001194678	0.003146903	0.0002932504
0.004094995	0.03398716	0.0002093109	0.09776041
0.003122401	0.005942745
8.501621e-05	0.002350922
0.02024902	0.0001532551
0.002108625	0.004270235	0.03775269	0.0002240484
0.0001874874
0.02522881
0.0005806667
0.001340518	0.0006346488	0.007701134
3.720184e-05	0.007222007	0.001594356
0.03510312	0.005198558
0.01778928	0.001572454
0.04149199
0.001725263
0.04002539
0.002796227	0.0004843266	0.0003377286
0.0003551981	0.03059876	0.01482538
0.02023454	0.01057601
0.01750403	0.0004070998	0.02143229	0.001202939
0.02245251
0.004550286
0.0004208402	0.004330891	0.03059646
0.0424535	0.009071064
0.004876875	0.01903619
5.180912e-05
0.008719048	0.009596134
0.006859871	0.003818661	0.003090835
0.002538521
0.001741102	0.008093744
0.04421842	0.000697256	0.001671528
0.006575955	0.000157202	0.1446164
0.007825185
0.2840766	0.004396803
0.1925199	0.007878662
0.2432802	0.008224318
0.00110431	0.0001349679
0.003319103	0.006334094
0.009001752	0.002807356	0.01473563
0.0001921776
0.0001739681	0.006511464
0.0006346292
0.0002874009	0.006003191	0.002876856
0.0146778
0.0005033937	0.005087166
0.01094733
0.01878104
0.004036913	0.004545765
0.03852508	0.001624837	0.01036376
0.005542913
0.0001977361
0.0003603685
7.069755e-05
0.0798999	0.2062291
0.02120059
0.0001587397
0.0018186	0.02029766	0.03378701
0.02133241
0.003899061	0.0008128384
0.002236159	0.004361981
0.006837206	0.004583436
0.02606844
1.765511e-05
2.249003e-05	0.00177561
0.0007158197
0.01440149
0.003091778
0.0005456718	0.02093784	0.0002844081
0.0008222713
0.0002500093	0.001371407
0.0003817504	0.006837663	0.0002070883
0.008812703
0.0003863484
0.01190993	0.0002959953	0.01173258
0.001597349
0.003694028	0.0008499973	0.007542363	0.007162938
0.002515204
0.02597485	0.01099825
0.2191813	0.01760915
0.0004306783
0.003379448
0.009096663	0.002127959
0.01923037	0.0009189575
0.07142721	0.008773034
0.009383113	0.01083583
0.003914124
0.05041588	0.08614881	0.008782165
0.002351395
0.04197147	0.002664596
0.01885245	0.003758895
0.01054327	0.006062587
0.1922476	0.001109024
0.1725122	0.002860404
0.001126944
6.44576e-05	0.008208574
0.001586875
0.01012624	0.00369731
0.005154528	0.0009102567
3.408433e-05	0.001422896	0.287207
0.0004432957	0.004900656
0.0006305933
9.706243e-05
0.01205672
6.468861e-05
0.002106279	0.002596274
0.04029204
0.0007438829	0.001091155
0.0009923803	0.0006448379	0.879886	0.006292188	0.01141943
0.005018412	0.4026961	0.001273103
0.01001596	0.2160185	0.05431359	0.005030914	0.0004598295
0.004164221	0.0002561701
0.0007012152	0.8000343	8.664435e-05
0.03252308
0.007489317	0.005276167	0.01095504	0.05595087
0.01061208
0.02112866
0.004001549	0.001389405	0.1707798
0.002141111	0.008005969	0.002348956
0.006939091
0.0008593748
0.06132699	2.885197e-05
0.002902743	0.0001858321
0.0007504725	0.001050518	0.01342213	0.0001578915
0.003063589	0.001678421
0.0001012655
0.007748975
0.0645872	0.01435738
0.01716839	0.0006565316	0.005607466	0.06221608
0.04737879
0.03407227	0.001060128	0.0002913453
0.007321631
0.0009406772
0.02097549	0.02710454
0.0007245288	0.001437394
0.001330774	0.001379012
0.004661161	0.004235403	0.03386966
0.001437486
0.005136335	0.0060792
0.04132584	0.0009867229
0.007389464
0.01245002	0.009168628	0.01200071	0.0007982764	0.00125601
0.00433496
0.2257894	0.01309795	0.007594062
0.1077458
0.2038577
0.2228879
0.1941514
0.1467224
0.005272288	0.2400723	0.000193124
0.0004932979	0.2585661
0.3357855
0.2939393
0.2939393
0.3368429
