MassExtinctionTimes
30.65912
29.68481
31.64376	17.81669
31.7546
31.64127
30.575
29.70485	8.371978
30.05251	3.388471
28.98957
31.45106
30.74645	18.45238	14.24655
31.33785
30.46544	14.58279	21.51685
31.76734
29.72969
31.48527
30.38681
19.88688	21.84725

1.143621

18.2182
14.18834	17.69549

13.3494	16.82677	0.1043495


4.026011	2.613598


19.75765	13.18044
7.30049
10.31485


14.55101	19.7037
10.3595



15.37685

10.15729	0.1093167
12.77694
22.51954
14.75814
16.59591	10.24486
16.71613


16.45249

19.27172

15.35968	10.11781

18.94219


10.55005
4.723486







15.98276
3.427014

14.3764	3.972049	12.82218	17.23894
12.50981	9.851959
16.20302
7.803621	20.73164
2.390367	1.956779	22.2583
6.71377
8.007601	8.578389
15.97169	14.42884
15.11394	7.849822
8.663985


16.9015
19.23729

29.49745	7.001337
30.69747
30.59435
31.67866	13.17504
29.74418	31.44392	4.538133
31.44306	30.08531
30.44095	31.11047
31.10458	29.93979
31.51311	29.62966
30.9107	29.36463
30.51103	30.37836
29.39886	29.7204	3.644103
30.15134	30.53318	23.05039
30.18961	30.47823
31.52664
30.89767	14.17499
30.35196	1.228885	20.79833
30.58589	15.90233
30.11642	18.8065
31.59841	20.58133
29.86219	18.83908	9.560783
30.52092	21.41445
31.6068	14.84192
16.61263
5.099648	10.63734
21.556

4.785577	17.18547



14.51557



7.714585	14.79771

9.493684


18.71805	17.06569	21.73021


10.31708	10.50629
11.42172

19.26109

5.613715
10.14406	20.2103	8.794874
30.00617	15.86212	19.35426
28.40153	17.01931
30.16078	11.45454
30.12398	16.26395
31.2571
30.94939	17.13634	10.15633	14.10427
19.36421	21.55863
19.3318

10.62391	28.46549
30.58501	22.18224
30.14806	7.041854
29.71871
31.75807
29.80382
29.75601	13.9345
30.71671
31.4847






17.18451

1.946611
18.54946	16.53946
2.256603
13.07073	22.61808
2.274772
14.48526	18.40664
14.69751

16.699	9.095525	18.19182
14.4418
14.61149	7.875151
16.87743	10.03371

12.38419	3.785441
17.09445	18.3946	7.872851	4.090746
3.561387	19.48402	12.62783
13.90238	11.42346	7.253229
13.77854
10.44053
1.897718

18.68071

7.141655	13.92702


15.57955

13.96953	8.575824

2.919377	13.00645	13.87619
13.26267





18.54089


13.92243


19.69694	16.84126
15.86874



6.345526

17.75121
11.39736
9.100215
16.20007	19.21987



5.016275


2.596005
15.25908


7.525303

13.68605
18.99493	14.14626	14.25778	20.26887

20.12568	14.58887
29.52357	15.71173	5.294119	2.749217	11.5346
30.02322	15.99689	18.58704
30.57222	9.788796	13.83286	18.9959
31.31339
31.43897	12.87701
31.3402
31.0292
29.60913	16.32178
29.49038
31.48037
29.81962	18.98142
31.10091
30.97833	16.82651
29.5322	18.35795
30.5937
30.42925
30.3845	21.0917
31.03381	12.81423
31.58908	1.97566
31.10386	15.05986
29.14742	14.0112
28.67336	21.5173

1.319035
11.49397
16.03299	9.548944	6.786133

8.555753
22.20068
2.798033

18.46231
21.57496

2.18634	21.38025
18.59374	14.20438
18.53281	7.035284	14.63461


17.09325	12.91496

16.17022	13.32147	16.2925
14.53702	9.53206
16.56053	10.10005	19.01938
12.26036	15.33566	21.02849
17.09743


14.17556

19.89914	9.933668

8.292094
10.86253	19.31923
15.6528	4.566911
18.02125	1.977444
4.416332	21.04313
0.5324007	22.61747
19.49493
17.06194
22.31031


2.803586
26.62935	22.20239
27.05455
29.36872	8.800509
30.87431
30.67896	22.19911	4.167972	19.83433
29.73823
30.80802
31.69659
30.10398	22.32999
29.714	10.70453	8.537942
30.37644
31.70889	18.85735
29.95832	8.352948	6.562033
30.77534
30.86595
31.06524	18.07964
31.26008
30.55193	1.778414
30.16303	18.62867	12.1021
30.99631	21.16045
29.63528	14.36509
29.62522	9.265098
29.69186	11.88371
29.81159	20.69247
29.802	11.7148
30.39626	11.11543	21.11136
31.27064	6.486591
31.66271	7.337422	16.87444
30.16526	21.84503
31.37564
31.55156	13.29463
31.37845
30.76709	15.61231	1.294589	20.18455
30.45286
30.45901
30.46563
28.57042	16.63213
31.54996
30.08129	19.43594
15.79581
16.82152

16.22863	0.2417444	16.8068
15.79214	14.26759
19.29464
14.07643
18.96713	9.952817
17.94078	14.50413
1.281733
15.63618
18.52102	19.30014

20.13926	3.781283	8.955526
4.033821

16.76878
16.00293

31.66678	15.06464
27.63319	18.79849

0.3899264	8.02474

16.90145
15.52347	22.28443

19.072	14.22341
16.89852	1.932957	12.9161
14.79751	14.75267	13.09931	14.63243
10.61614
18.59287	18.97004	19.09428
13.837
18.67549
1.345887	19.84811	23.19055
15.83287

22.35603	0.5940157

5.230766



0.2900917
20.7612
29.3388	1.471711
31.22423
29.83328
30.29388
30.45365	20.73928
1.608474
29.97887
31.5158	9.755625
29.67474
28.82769	15.36437
29.09184	18.83672
28.12969
28.34481
30.82	2.298433
31.4483
30.61429
31.42308	15.04264
29.54017
28.601	22.06032	1.800621
29.76356
30.06905
31.71461

14.06848	16.25218
3.377585

16.81169
29.5182
31.13831	30.02461	21.38981	22.25564
30.82947	30.51311
31.55691	31.76804
31.44937	31.7406	21.972
29.79049	29.46361	4.838012
30.82483	30.59374
30.69972	30.34319
31.6921	30.89769	22.06628	14.18039	1.0841
29.92178	30.47748	16.32216	22.92054
30.5618	30.4	7.001072
30.52593	30.25336	18.79431
29.76441	31.66343	23.06247
30.88754	19.31958	16.50894	4.886978
31.49352
30.45967
29.06198	13.77402	17.75804
18.41148	18.98867	7.862148

4.780443
16.58228
19.11745
19.19556


19.9023	0.5756493
16.70133
14.6132	15.6961
16.29952
16.64278	14.97849	12.80286	19.14205

6.683398

15.3706	16.63748
11.19072
5.926119

20.52432	10.73043	12.72913
16.03335

10.77665	11.76668
0.9967178	1.547122

20.8116
19.68043	6.1168
0.3103384

1.657252

31.7253
29.95738
30.08057	1.123744
31.16942
30.50697	20.29008
29.77467	16.12137
29.61049
30.49381	11.5397
29.94485	20.95919
31.70393	21.1536	16.96283	11.99803
30.39336	0.09095886	8.557549
29.66801
29.63177
4.643965	30.23286
30.44198
29.47569
31.33733
31.00216	12.33929
30.55526	16.23927
30.22688
29.74552
30.52894
30.45787
31.73884	14.03711
31.56659	2.836124	20.4164
31.22199



19.13784	4.823822	7.84203
29.93225	18.69711	14.76364	7.815191	21.70834	12.34912
31.53544	13.5165
30.38377	12.48643
31.47088	1.739191
31.10091
31.13408	13.4314
30.99482	5.268511
0.2113472


5.202799
18.48085

14.56989
27.95304	20.36169	19.30891	15.97357
30.00582	15.14403
28.40602
28.70406
29.77137
31.75304
30.46796
30.70259
31.04613
30.5112
31.66262
30.21206
30.97094	5.241002
29.74387
30.31555
30.54238	14.07234
30.11605	30.47512	6.696782
31.11063	31.73587
31.6814	30.17162	18.59919
31.55257	29.60707	8.142579
30.595	14.17772	9.588502
30.33691	20.93777
30.07678	21.75062
30.82178
31.56646	4.349303
29.72309	4.023282	19.08007	15.2299	21.90338
29.50357	31.11912	19.92628
31.45286	31.69942
27.69544	23.0345	7.04777
22.33379	16.75204	18.04248	5.175947



3.569704

14.74676	16.98825
4.647893

16.01348
15.15573

7.734295	15.55329	13.91303	0.8471772	13.89871
31.02122
31.16134
30.28818	15.31075	8.886334
31.59087	7.509138	21.56519
31.37969	13.86902
30.58722	3.072068
31.25236
29.42318
31.60439	1.278324
29.38245	16.30439	5.690655
31.71459	18.30214	5.345437
31.63375	7.712815	17.18354
1.397104	4.286221
29.69055	6.938006
29.80053
31.54274	1.475126	2.996059
29.43985	18.07389
29.82525	3.068162
31.64545
29.76102
31.58793	14.92659
29.61848	9.756812	19.28112
30.06708	6.750132
31.69149
30.60116
31.1173	16.87775
31.76466	22.27896
30.31192
31.66207
29.73593	22.32347
31.4767
30.10774	14.02379
31.68513	21.39233
29.18964
30.427	30.73646	13.7725	3.662887
30.30449	30.42871
30.50176	31.48018	1.219124	14.64256
29.52996	31.72159
29.82944	31.54714
29.56485	29.8824	5.502001
29.71617	29.46304
30.18311
30.7055	18.47659
29.88206	7.168134
31.69916	17.5528
31.06227
30.37825
30.21775
30.21829	14.68148
31.66929
30.01689
31.71544	30.98376
30.11301	29.97774	19.46774
31.51021	29.92865
30.42072	29.44782
30.03315	31.65615	15.98416
30.58373	31.76388	13.44075
31.62085	21.70165	1.57645	10.3171	13.93477
30.5155	19.89755
30.14973	11.03893
31.34146	1.314775
29.60608

0.4194684

5.25207	7.937282
7.546374	4.63299
31.14762
29.70756	16.14291
29.61613
29.51065	21.59453
29.59218
29.62949
30.07535
31.73258	19.33561
31.76489
29.60129	4.822415
30.85011	6.555447	22.70506
30.42223	16.41587
30.80695
29.92275
29.47232	8.228526
31.57723	3.675352	10.86956
30.8864
31.59262	9.658296
31.04976
29.82687	19.90215
31.71194
29.79236	11.74857
30.9264	3.281783	8.298655
31.3913	3.307812	1.172375	15.46327
31.37575
30.77246
31.66003	31.61533
31.36738
29.4559
30.22986
31.32585
30.02112	6.933322
30.26882	15.57572	17.48317
31.03682	13.64192
31.09961	13.82663
31.6761
29.62138
30.41509
31.41419	13.44437
31.48677	5.945721
29.46186
30.39689	31.68169
30.31571	31.64821	6.794293
29.60396	31.39869
30.06836	31.62115	0.01045125
29.52125	29.78957
31.31088	29.49974	19.39049	20.4504
30.58914	31.60259
30.59728	29.87793
29.16483	31.08564	9.674031
30.00549	29.44438	15.89416
29.74229	29.99049
31.58393	2.379981
31.38272
31.76024
31.75743
30.7073
30.70492	4.244448
30.25617	19.61887
29.62777	21.66541
30.10636	19.8983
31.3671	21.17984	17.58993
31.60405
30.7328	11.25156
30.01767	20.25549
29.98544	29.45617	21.55283
29.68287	29.48521
30.59601	10.18247
30.09525	4.629313
31.26754	30.92298	0.843987	19.19179
30.77413	29.52527	0.3208693
30.59643	29.62818
31.13596	30.60195
29.40596	30.94501	2.111957
29.97655	29.84634
30.87196	29.57262	13.58394
30.85762	31.35695	18.69107
30.29539	29.48999	7.359778	21.46921
31.03799	31.76817	20.95866
31.22533	31.03767
30.58276	31.2802
30.9678
29.63343
31.44789
30.61095
31.49774
31.17542	14.17419
31.73787	0.1115818	13.56877
30.52006
31.17748	10.21103
30.20742	5.309312	1.217661
31.33584
29.48405
29.56197
30.55758
30.83964	31.57609	14.5164	2.358735
30.13713	29.8543	19.30271	22.77337	15.27649	6.020101
31.5052	30.04693
29.76174	30.51458	19.28224
30.87844	29.93543	4.617109
29.8411	30.58186	20.07959
31.09177	30.30246
31.76283	30.4004	8.693691	22.90708
29.92769
31.54699	17.67989
29.81197	8.783811	14.06097
31.59725
31.44207	6.46944	22.18753
30.47926
29.62839	22.36354
29.99375	9.100986	14.76471	19.99924
29.62322	15.99595
2.803073	4.363472

15.16464	15.85522

1.611329
8.323379

9.887453


31.45769
30.45924
30.49356
31.03846
31.69318
30.57093
30.63932
30.38567	10.90913
29.71222	20.30747	8.294661
30.20299
30.95184
30.0096
30.34629
31.10263	19.6789	11.71545
31.08424	8.491287	5.297649
31.37977
29.98576	1.912786
30.03431	9.306231
31.47883	21.12109
30.21535
31.40731	15.97065	20.38648
29.9431
21.55476

1.751497
5.808403	12.93221	9.048068

0.2797816
2.43099
20.90127
12.46155

31.53302
29.83834
31.66981
28.39091
29.87622	21.70461	8.468379	19.4106
30.0088	7.747967
29.85212	3.581362	0.3109141
29.60466	14.91779
30.52396	19.50167	19.49299
30.34491
29.56049	17.92189
31.18809	18.87535
14.1983	30.47957	30.62221	19.66569
29.54251	31.65697	2.772757	16.31372
30.40821	30.37554	3.902593	9.631258
30.80456	31.62889	3.940508
29.81658	29.92769	21.4818	5.331758
30.57639	30.90652
30.37184	30.79967	19.63559	21.20408
31.0801	31.66563	18.98217
30.58605
31.65462



29.5159
29.48993
31.67062	19.1529	21.48661
31.5941	16.22481
31.60018	7.571499
31.73999
30.33142
31.61396	1.97869
30.87955	19.77164	19.24285
31.23147	3.911621
30.77454	14.5102	1.330307
29.79403	22.32979	5.578828	19.3927
30.50815	14.54282
29.63213
30.44237	7.005944	7.485163
30.38594	16.48421
31.33042	19.30692
31.27483
30.28637	12.74469
30.44863
30.11701	18.80701	13.73256
30.81714	12.08992
30.28631	11.5888
29.82467
31.2705	21.7509
31.69694	16.91909	22.69997
30.62946	13.68819
30.44994
31.4574	14.43264
31.72455
29.36439	14.25183
30.64559
31.71426	18.86804
30.55766	19.98849
31.75797	13.6628
31.14897
31.31863
30.25127	0.9758408
30.67481	18.7823
31.4713	12.00349
30.16285	15.64762
31.5344	7.54098
31.2754	0.7610819
29.65359
30.51141
31.65117	13.50661
29.65397
29.98008	19.65762
29.91989
29.97398
29.70346	8.352439	19.29366
29.55202	30.9227
31.74136	30.11319	19.71275
30.42471	30.63811	3.770182
30.36088	0.1706736	31.68506	14.48758
31.37494	30.95009
31.76189
30.05666
31.76474
30.50651	14.90292	9.582618	15.35262
31.61405	4.768759
29.80569	18.37888	7.233527
30.06381
29.89254	17.23282	19.97175	11.47452
31.3924
29.78377	12.38845
30.53669
30.76255	14.39145	18.33429
29.55994
30.5667	20.45525	21.6382
29.59254	20.2015	4.107171
31.37993	14.29185
29.77816	21.70307
30.02826	19.57634	6.583374
31.009	21.0147	10.92547
29.70511	9.442767	22.30118
29.61168	6.706862
30.01508	19.25813
30.59819	13.29492
30.03062	17.20199	14.38947
31.54048	4.413276
29.99153	4.804307
30.55332	0.5830997
31.34413
31.67758	18.4178
29.92697	18.91692
30.64363	14.0267

12.11255
12.99585

13.37503	12.87229	18.25234
15.29494	18.47342	3.719756	6.754706	19.63892
14.44818	8.794643	19.3263	22.25453	12.47395
19.27408	15.67906
20.35221
19.23311	6.197098
10.50907
15.40831
13.21746	16.55561


2.961396
19.50197	0.4510807


16.63962	22.60189	17.78115
9.326442	12.29168
12.89759	18.78683
15.88335
29.76811	15.8152	12.6917	7.248264
29.75715	3.873161
29.62579	19.28069
29.46803	14.66566
31.27403
30.10521	15.78366	8.578519
30.54995
31.65906
31.40109	22.57971
29.65704	18.40091	2.552975
31.6607
30.68735	8.486244
30.13102	14.29644
18.44206	10.43717




17.91019

4.880309
3.676186

19.77715	4.063502

16.13961	7.570844	21.42725

29.83169	9.792262
29.60365	19.87736	11.93767
31.06404	30.19235	14.79203
30.3895	3.455944
30.19374	10.02827
30.54459
31.07798
31.721	22.32257
31.72318	0.4945977
29.98583
29.56388
10.74247	13.53762	6.502624
31.14339
31.65088
31.64053
29.50955	13.93116	1.899209
29.6535
30.67911	13.91619	17.89118	13.03594
29.94474
31.00484	15.52468	9.036612
31.48047	17.37319	8.349739	13.07546	16.25963
30.36669	9.126508	1.29993	4.777167	9.916926
30.15266
29.83039	10.59103
30.43906
30.245	15.54819	12.81299
30.73675
30.30606
30.01723	22.30385
31.54592	12.44727	14.14825	18.82314
29.95131	13.39162	0.5731963	19.22401
30.67106
29.61479	9.72204	19.0622


7.521186

0.7319837
17.86348	21.46162	22.26322


20.15253	2.741514


0.3392859


3.268863
13.42486
3.967673
13.24587


30.02911
30.22351
30.37676	14.64905
31.65482
31.30462	16.06621
31.038	8.087801
29.60129	14.59895
29.65969	7.922563
30.36447	13.08888
31.56215
30.10042
31.40042	12.07018
31.56226
30.12613	21.55075
30.47377
31.60821	30.95381
29.58581	30.34776	22.38866
31.61014	30.11906
30.55948	31.45441	8.517553
30.5085	30.17148
29.97926	29.19995
30.13117	16.02168
30.86451
15.24527	6.989606


31.12323

15.22572	16.52819
14.38126	16.75631
18.4086	12.41142
28.97436	7.053415
2.945644
6.297228

18.19769	17.78872	6.533879

16.72375	14.19168

17.21756
20.78953
7.390527	18.65108
7.929641	19.33379	4.139734

16.78602





6.299232

6.311166	10.64665
17.23605
14.78539	3.036257
7.17735	12.93203


22.61574
18.86592
23.25392



16.62835
0.1938525

30.97726	7.070386	22.20118
30.98562	21.21489	15.54573	16.99948
30.00381
31.70578	19.28885	31.2147	14.21299	4.272717	11.59875
30.48903	13.87992	19.11377	10.3651	5.150426
30.43713
29.80401
31.76021	15.36522	13.00873
29.68554	18.16966	22.52328	12.43059
29.61054	15.64417	18.31484	16.27914
30.23863	19.67355	7.537626
30.51919	16.09706	16.26961
31.63083
29.87772
31.66761	15.7545
31.24967	6.978711
29.80981
30.4451	18.96239
30.23518	10.25447
10.82795

21.47099

22.49821
4.999355	16.26964
30.85256
30.59149	19.79239
29.58924	1.414876
29.79564	21.29332
28.87001	0.3785983
30.08027
31.30644
30.15048	11.55775	8.018047
29.84564	5.387665
31.52306
30.63628	0.8129916
30.57508
30.92085	8.639027
31.42209	6.143629
31.3954
29.62181	10.88957
21.58825	17.99809
29.59613
31.38305
31.39144
31.64616
30.47816	17.1515
30.2471	21.54778	4.036777
29.53817	18.80281
31.42336	13.76978
31.57845
29.60762
29.60841
29.59047	0.2479603
2.431605
4.333845	15.23386	8.274608
15.39801	18.43144	4.82188
13.26933	2.78186	10.59907	17.25177	5.078004

29.63263	16.31037
30.84264
31.49573	20.72093
30.73154	21.75666	17.99349
31.11579
30.32466
31.05915
29.67637	13.10465
29.62579	14.66661
29.45853	12.35167
31.14467
31.04884
16.44211	8.486961

10.47527


8.696432	1.075313
19.3124





6.072621


14.29757

22.36955
12.3422
12.37688
13.80944

8.664189
22.90637
21.14116
2.966764
8.456435
18.81374



21.48362

29.68844
29.79467	6.780928
30.9578	14.82391
29.84218	21.58757
30.56189	6.924496
29.93667	7.742852
29.50808	7.324294
31.40937	18.9834
29.68298	16.17382	13.47697
30.4985	14.18989
29.47064	11.87467
29.82282	20.40528	14.1889
30.86841	9.558781
29.58088
31.46105	17.0399	13.98809
30.6712
30.97199
30.77166
30.68406	13.66491
30.84681
30.09339	0.9132545
29.91853	9.909004
29.90729	13.252
29.60577	21.74584
29.97085	0.9889553	19.31163
31.05296	29.54223
31.02403	31.41029
29.54819	29.66545	8.586508
29.40298	13.49379	30.57883
31.10965	31.73649	11.23714
31.76648	31.30452
31.11981	0.8085982
5.502214

6.949838



31.70004	14.1823
29.99933	1.52892
30.68448
10.59506

31.45572	10.85057
30.8976
29.33679	13.74069
30.58039
31.36586	9.142531
29.61885
31.413
29.61127
31.1436
29.79936	8.674775
30.94045	13.53606
31.3799	10.22687
31.07192	4.001136	9.126957	0.8644681
31.7332	16.06146
30.08721	14.15309	20.40292	13.80647
29.77827
29.5802	6.177661	18.99032	20.97373
31.50893	16.66009
31.65183	10.79404	22.70387
29.52631
30.50708	0.5556967	9.379234	18.21139	15.11928	21.05962
13.80745

3.133134
12.24651
1.6832	0.1762264	12.90067
11.18448	16.71761
13.6783	14.13235

11.58807










4.048393
9.497735
17.82924	7.819784

15.55918
11.84359

12.82478
16.8876	12.0966	13.8519
9.400424	12.05463

19.02705
1.499017
3.90376
13.84122


16.13496

15.87991



17.73273
29.62497
31.38474	14.64736	0.2682326
29.80366	29.45726
31.72765	30.34476
30.4358	30.67847
31.19423	30.6282	10.20741	8.998656	0.8230464
31.59257	30.1025
31.76545	31.39169
29.36777
31.25863	19.59876
30.39785	21.54187	31.12806
31.2947	29.47401	12.70863
29.9341	29.94601	0.107951	13.71927
30.09492	29.50711
29.52936	29.98994
29.61051	10.0099
30.74394
31.00935
31.60662	22.67794
30.77912	12.16791
31.77034
31.52252
31.03987	4.352587
29.95636	0.06282643
30.98662	21.74739
29.58537
29.33866	15.96072	19.11083
28.50423
30.55383
30.37214
31.47452
31.25437	10.56826
29.6316
29.51898	18.45077
29.75196	19.20262
31.20736
30.28898	15.84606	8.411902
30.69618
31.22432	13.54363
29.47592	8.059505
31.14071	30.38831	9.342885	9.682912
29.63298	31.74182	20.96614
30.40836	29.72433	14.53634
30.53288	29.9577
29.89558	31.12283	10.14147	10.40266
30.66242	31.46306	21.54854
30.3004	30.57862
31.76756	31.49951
31.67343	31.59315
29.96345
29.90689	30.39027	6.404829	22.90926
30.67832	30.92899
30.81795	31.29887	19.38485	0.8502649
29.80111	29.51097
31.70576	30.37637	17.92139	21.27717
30.379	31.4773	7.738301
30.18967	31.68715	4.51555
30.17008	31.3567	12.19353	13.10257
31.23462	30.41781	14.64751
31.76773	30.30576
30.8125	30.24883
29.61456	31.64707	16.74663
30.5132	19.46435
30.192	12.60826
29.41745
31.55678	3.082771	15.36394
30.67969
30.97904	19.03684	1.830596
29.27165
30.41083

14.24173	27.26373



16.5334	6.464166


14.4171

16.16059	8.275606
15.35306	10.89696	5.645737
18.57259	8.64585
8.556369
6.78788
3.33767	18.75712
17.20632

0.3946454	13.3077



15.7945
15.94631
15.66074
12.12065


15.53463	15.48589	7.161409
14.13358
16.94024	17.89161
14.07983
20.5878

15.79163	20.25117

4.180317	10.51347



2.172404	9.144359
17.97979

30.37715	2.264665
31.5417
30.49791	7.619789
29.5618
30.98547	3.6361
30.97982	30.14639
30.40047	30.58304	18.11726
30.91875	15.01584	20.16774
31.72689	5.035894
30.54728	19.91871	11.74439
29.63021	5.635057
30.14029
29.77844
29.94521	5.825662
31.43281	3.033541
29.63149	22.30891
30.47772	0.3968184	4.873667
29.5936	1.111305
29.95171	31.0209
30.29351	29.56457
30.29762	31.43004	16.60906
31.11524	31.44406	10.06307
30.735	31.75643	21.43867	3.472377	18.82217
31.29905	31.21555	5.481922	20.83541
31.21892	31.01302	15.6733
30.63711	31.63933	11.79188
30.43941
31.15078
30.49179	9.23351
31.70085	8.641992
30.65632	12.60453
29.73382	13.86235
31.37227	8.832268	18.78478
30.16407	6.1955	9.866805	9.268117
31.31065	17.57883	4.514575
29.61712
29.80205
31.53308
29.7533
29.33282	4.908187	21.23291
29.84242	18.51513	13.10797	21.58224
30.22296	13.57138
30.42298
31.43601	9.949931
31.07167
30.57992	1.562523	21.72339	7.500167	11.29077
29.33239	5.41894	0.4098471
29.25841
29.64272
31.7257	16.21845
31.53547
30.46175	19.69289	22.30163	3.559657	18.26487
30.07622
31.29268	0.8877158
31.48063	6.454928
30.42252
31.44439	8.304901
29.61057	12.66622	16.34407
31.61744	8.381459
29.46805
29.65901	21.55839
29.59801
30.07958	12.91195
29.40962
30.70734
31.1568	2.226854
29.94909	22.59807
29.70332
30.29485	0.4345776	21.62947
30.54553
30.30657	11.0828
29.18146
21.32468
7.555656
8.7708
9.658974

19.11345	4.314772
22.30009

13.12072
18.54977	18.16043
14.36284	7.703086

18.41287

17.95963
22.2438	18.26744
16.00603


17.28569	4.906522
14.24608
18.28752

1.540664




21.94052	5.148321
15.48152	1.486494



2.921384	13.43104
1.507181
6.415579
21.81101

7.819065
9.748054
19.06726
14.27906	15.67283	1.2232


12.16115
29.5928
31.15484	19.20725
29.63304	13.89061	8.258993
31.02109
31.03177	7.739871
30.9033
30.69602	14.54634
29.72735
28.03658	1.431565
15.46252
23.18488	15.44197
15.9148

21.54348	14.19031	0.5729017
22.50567

1.578997
21.89058

20.89468

0.5058501	1.788396
19.3226


13.60885
16.28753	4.576358
20.19966

16.65277	8.03063
6.71945
19.05635
13.0574	8.405082	16.12785



15.84329	28.7805

18.38917

13.6088	8.098126
15.38065	5.313435
15.40417

29.77736






7.825664	22.32119

18.33056
19.87784	5.220944
14.77692




18.70113


10.31257

1.341469
14.12275

18.87383	8.580617
13.29826

9.638703
19.91107	14.45259
17.49801	20.98702	17.21224
16.68197	13.08802
31.68038	18.54976
30.74988	16.23365	15.39108
30.16085
29.77621	15.80427	13.77229	2.125009
29.93188	19.89991	13.993
29.69332	11.34203	9.051176
30.8188	10.00166
31.05112
31.10129
31.60082	13.98187
29.10425	14.26192
28.44396	12.64829	22.96154	18.66688	5.124006
28.39545	1.755607
29.57741
31.04551
30.66912
29.97183	3.305224
29.82102
30.70058	5.702858	15.29503
30.64465
31.36782
29.86136	16.25195
31.09585	2.45198
31.405	7.117646
31.39797	5.911281
29.61767
30.34594
29.61654	16.51055	21.06304
31.53817
31.18247
30.42174	15.32114
30.74807	21.4312	5.768086
31.53804	31.75266
31.76379	31.33923	13.94887
29.57346
31.68169	0.5940165
30.09466	14.2123
29.95272	12.81263
29.20511
31.29096	0.03827819
31.65846	13.3916
31.44186	22.49898	3.577299
30.70774	4.04319
30.70009
31.12524	13.58088
31.09943	13.29654	1.760799
29.4293	30.19645
31.65987	30.42643	12.51757
29.76753	14.01118	9.445806
29.61722	7.03163	21.5661
30.61073
31.72985
30.80973
31.1856	7.036519
31.14346	18.23852	0.8274689	22.69205	18.69477	5.353282
29.52928
31.54445
29.76396	16.04011
29.96044	30.50427
31.23468	31.67638	8.650311	14.1889
30.02262	28.37031	16.43524
28.37004	5.177358
31.75423
29.93268
29.71856	19.63839
30.38715	21.66201
31.51782	22.31214
30.81095
30.28329	17.78608



30.43646
30.27221
29.36322	14.56319	8.552786
30.59069	13.4038
30.87779	16.0923
31.7218	4.657758

8.417489
21.56442
21.39502	4.788756
13.08016	12.00783	16.84491	7.830199
13.84482	18.21928	16.09285	5.865965	10.73006	5.628413

1.960945	1.023686
16.69942
16.25039	16.70684
19.01721	15.69801	12.92337
31.0346	9.79934
30.90195	1.102758
29.77189	4.577972	19.03495
29.76114	22.16618	11.48405
29.92378
29.75545
31.32659	22.4006	0.8729792
31.02562	11.36423
29.78841	6.345347
31.31167
29.51363
30.58771	11.6174
29.48561	14.3035	2.824838


30.61769	19.62486
29.33075	10.23677	18.4985
29.89442
31.00157
31.37725
30.9918
30.88692	21.64108
29.28691	12.76331
31.33808	11.63947
29.78191	13.81253
31.54799
30.5641	11.94475
31.34235
30.29575
30.37815	23.02302
30.18159	17.0437
31.50614
29.63272
30.89667	18.97491
31.08827	12.80123	7.841375
31.42237
30.59853
29.55475
30.85987	7.709596
30.67495
31.02522	9.635529
29.38705	0.3961935
31.01224	8.298105	12.24941	9.329189
31.75911	2.229281	31.416
30.44524	31.67626	20.2507
30.00014	13.53899
31.49214
31.03878	21.49009	2.250977	6.543645
18.78079


3.280144
9.122282


6.701074	5.959307
17.15184
19.89803

4.757458
31.49457	14.0069	10.17411
30.67635	5.262887	3.570298	15.83663	15.59809
30.09663	18.84382
30.48374
30.94174
31.75206	6.736223	28.19973
31.59831
30.02114
31.10514	17.52509
29.93555
31.3246	17.01157
30.49449
29.66363
31.14747
29.32942
30.54075	2.453358
30.57025	13.35956	7.852297
31.74026	3.478861
29.89777	29.42151
30.7912	29.42007
31.40255
30.39065
31.6788	3.392993
31.60225	21.75106
31.59336	10.29994
31.69649
15.02912	21.55748

31.7387	10.93283
29.9964
28.40866



30.45035	22.01878
30.64026	19.00298
30.4322	13.01	21.2262
29.60941
31.41845
29.92871	19.26789
31.60518	20.29694
29.63196
30.99157	14.36084	13.17845
30.53417
31.57633	11.53834
30.45435	19.64427
29.52685
29.73426	18.77558	23.04369
31.7631	17.537	22.97659
29.43857
31.14287
29.68719
29.67297	29.49777
31.47787	7.852524
29.81595	14.31685	21.93364
30.91391
31.21639
29.95406
30.15738	13.09007
29.42344	9.465992
31.0725	4.042279
29.81698
31.61391	14.74299

15.2797	6.870442	8.971041
29.99124
31.25279
29.82479
30.57827	20.5511	12.3645	5.404376
30.59201
31.56192
29.77894	15.90046
30.16481	0.02396953	14.56501
29.91031	21.35055	22.13953
30.35821
29.9251	9.509532
29.89884	21.15	6.762162
29.63014
30.70097	9.206805
30.28338
31.65914	3.759073
31.08504	19.65411
31.02935	19.87448
30.38665	19.4073
30.46152	20.5132
29.88231
30.60606	15.59534	14.23323	8.976458
31.73204
31.74569
29.60218
30.58504	16.09452	18.95484
12.02302	10.19428
16.87441	13.52518
20.46212
7.007263




4.926192
14.57611
21.45503	1.134431

0.4448935


14.11708
21.13699

22.27133	19.72159
12.33112
7.040165	21.83984
19.24541
16.10363
13.89189
14.1127	8.40694	23.2678

7.386432	15.78425	16.28674	8.583412
6.944757	16.63839	18.80126

16.88448

0.7651856
15.87496

0.9453844
31.59962
30.16866
31.49888
30.64852	14.64598
29.94314
30.44142	13.51976	21.5523
31.72649
31.6039	10.05672
30.23626	21.23134	7.544056
30.17935
31.03836
30.25812	15.46449
31.5466
29.41911
30.56327	14.56012	11.06036
29.50299	14.43022	1.288335
31.75114	27.58816
29.6308	11.47847	5.683708
30.67494
30.79537
30.56719	15.81247
30.84496
29.46449
31.69383
29.75574
29.90823
29.94344
31.40711
31.47858
31.76098	18.41329
29.97931
30.44146	2.800918
31.42151	15.26951	14.20623
29.28123	21.47995
31.56236	19.24606
31.14276	31.61874
30.17476	31.75402	21.17965
30.63214
13.37492


16.6995	23.0047
15.30513	14.55603
19.40732	16.18241	13.55158	12.814
31.15966	1.243515	14.28946
31.01068	0.4350832
29.70584
31.76653
31.08055	10.57135
29.62586	18.99408
31.49114
31.74115	7.957688
30.26585
29.56018	13.09394	7.417136
30.03242
31.3392	18.2582
30.55434	11.37418
31.0302	17.9349
29.64084
30.36428
30.68437
29.42801	29.9163	0.5321208	18.84048	12.38013
31.03623	29.19927
29.47844	17.93424
31.72188	20.96681
29.51555
31.22674	16.59832
31.17392
31.33807	31.65628	22.17943
31.69645
31.25375	18.91674	18.85866	0.1350327
30.5116	29.84152	9.094209
29.59421
29.91947
30.98414

1.646189	2.707581	19.22891
13.71962

18.00121
1.744862



19.1497	6.950075
8.136179	12.38967	17.21712
21.11785	6.063988	15.74866
20.24786	14.40997	21.18339
19.80783	15.29654
17.10128
12.50395
9.220915	16.36333	13.12511
0.966391	10.94005




0.1498464	3.520609	9.544763

14.32557	17.39109	15.95026
16.21758
19.47216
17.17753
15.63585	10.16012	21.78084
16.01405	7.89224


12.29395	21.79993
18.35209

31.44988	19.30061
31.63831
30.04512	18.46249
30.16814
29.44846
30.47155	22.40553
30.49678	18.65453	14.76134
31.69233	16.13324
31.59733	1.723275	19.24486
30.37489	1.156406
29.46211	18.03784	14.48944	17.13332
29.66867	19.73732	2.043684
30.26006	14.31282	13.9025	18.61016
31.43578
31.51739	14.09374	15.65362
29.89804
31.71872	18.19405
31.35999	0.5751627
30.87106	21.98593
30.43142
30.03779	11.73876
31.02926	13.80347
30.99852	17.79573
31.11385	22.73432	11.53985
29.73366	2.020667	15.6931
30.92895
31.13299	21.53913
30.29344	30.98185	3.561005
30.51415	31.12282
29.77321	2.013963	21.75923
31.56185
30.3557
31.7429

5.54003	22.1657


1.877998
16.52065




15.24055	16.27338	16.75556

30.26783	4.481811
31.266
31.17341	7.548361	14.46011
29.90287	22.19158	18.4508
30.04392
31.7503	17.2026
31.68798
30.28819
31.56689	29.58004
