Iteration	posterior	NumSpeciation	numExtinction	numMassExtinctions 
100	-442.569109963668	3	2	1
200	-459.578002180199	5	1	1
300	-447.261524451158	3	2	2
400	-451.904244456958	4	3	1
500	-447.902672750195	5	2	1
600	-440.279053789165	3	1	1
700	-458.951877081054	5	4	2
800	-450.100608209501	3	2	2
900	-452.633638791815	5	3	1
1000	-443.205747600879	3	4	1
1100	-449.712004986854	3	4	3
1200	-451.906442422075	5	1	1
1300	-446.09563144539	3	1	3
1400	-447.832588397642	3	2	1
1500	-447.692466149301	3	3	1
1600	-445.4809089154	3	2	1
1700	-450.556428066801	3	2	1
1800	-450.555947737248	5	2	2
1900	-443.505824649648	4	2	0
2000	-442.906929930463	4	1	1
2100	-446.56483216016	5	1	0
2200	-442.893673524121	3	1	1
2300	-449.726871814358	5	2	2
2400	-440.846990857962	4	1	0
2500	-459.306010759969	6	2	3
2600	-464.424003677492	7	1	0
2700	-451.221726172617	3	2	0
2800	-456.466765398498	3	3	2
2900	-448.940103778676	3	3	0
3000	-456.605399389864	4	2	0
3100	-455.710081293774	3	3	2
3200	-444.73743159489	4	1	1
3300	-446.677894721013	5	2	1
3400	-451.239929793909	4	1	0
3500	-452.765887698686	5	1	0
3600	-444.444505005898	3	2	2
3700	-448.38446605609	4	1	1
3800	-447.526175077123	4	2	0
3900	-440.58334456005	4	3	0
4000	-452.233034340725	5	1	0
4100	-452.787597214381	4	2	1
4200	-445.582458438528	4	2	0
4300	-458.294538337543	6	2	2
4400	-448.661390818719	4	2	1
4500	-450.700739000768	3	3	1
4600	-459.376556010846	3	5	1
4700	-447.761227545392	4	1	2
4800	-448.274924723518	3	2	1
4900	-450.397785848002	4	1	0
5000	-443.619517876586	4	1	0
5100	-451.411662041372	5	1	1
5200	-442.669249058432	4	2	0
5300	-448.77973974896	5	2	1
5400	-443.156128933446	4	2	0
5500	-454.231058172556	3	3	2
5600	-449.171365695885	3	3	0
5700	-447.18843902678	3	2	1
5800	-460.806051091369	5	3	0
5900	-443.068459702489	4	2	0
6000	-445.552000708999	4	2	1
6100	-441.978268689065	4	2	1
6200	-443.116343980308	4	1	0
6300	-444.979193768816	4	1	0
6400	-452.178043231974	6	2	0
6500	-450.929221733249	3	2	0
6600	-448.205755237158	3	1	0
6700	-443.340706507837	4	1	0
6800	-452.579473754558	5	3	0
6900	-451.520354877613	3	1	1
7000	-444.598056195672	4	1	1
7100	-446.359372961532	3	3	0
7200	-458.187029436793	3	2	4
7300	-452.282710679062	3	1	2
7400	-445.584303316486	3	2	1
7500	-461.203180436917	5	4	2
7600	-457.85353823221	6	3	3
7700	-451.32934485692	3	4	1
7800	-453.257984323056	3	2	2
7900	-448.477368432379	3	2	2
8000	-447.880712622651	2	2	2
8100	-457.986478105857	4	3	1
8200	-448.577528059942	5	3	0
8300	-451.845920462578	4	1	0
8400	-438.246335206363	4	2	1
8500	-453.784166915547	2	1	1
8600	-452.193485644078	2	2	0
8700	-442.685893270498	4	2	2
8800	-449.287460237987	5	1	1
8900	-438.919802734828	4	4	1
9000	-451.50744505596	3	3	2
9100	-444.219039966379	3	1	3
9200	-450.970358999087	3	2	2
9300	-442.950866811384	3	3	2
9400	-445.810302783411	3	3	2
9500	-444.411572044017	3	1	2
9600	-469.270233567936	7	1	2
9700	-443.959268403815	3	4	2
9800	-443.09016529552	3	1	3
9900	-449.893666090119	3	4	3
10000	-448.989194458263	5	1	2
10100	-448.664034320772	3	3	1
10200	-458.814289059464	5	2	2
10300	-454.100119832509	4	2	3
10400	-447.713090355805	3	2	2
10500	-453.381105531505	4	2	2
10600	-447.86104264399	3	2	2
10700	-451.136930501245	3	2	3
10800	-444.793945634067	4	2	2
10900	-449.381226083341	3	2	2
11000	-447.443722365534	4	1	1
11100	-445.745982440245	4	2	2
11200	-452.882229229796	5	2	1
11300	-447.927940598485	5	2	0
11400	-466.888113854571	6	3	2
11500	-447.586967955531	5	3	0
11600	-452.249194004357	6	1	0
11700	-455.394102149658	7	1	0
11800	-443.774262222201	4	2	1
11900	-455.475083229963	5	4	0
12000	-441.586871024463	4	2	0
12100	-443.228940043217	4	1	0
12200	-453.951271733891	6	5	2
12300	-448.281799714266	6	1	0
12400	-449.621556601663	4	1	1
12500	-444.783060668146	4	2	0
12600	-446.752845175712	4	2	0
12700	-447.874819669426	4	3	3
12800	-447.781170836778	5	2	0
12900	-454.532266302138	5	1	0
13000	-461.015587519933	6	4	2
13100	-446.121399254	4	2	1
13200	-454.575783908416	7	1	0
13300	-456.674903806287	4	4	1
13400	-442.81294256037	3	1	0
13500	-459.656983186281	2	1	1
13600	-448.90418160329	3	2	3
13700	-458.204735917895	3	3	3
13800	-449.178136252498	3	2	2
13900	-458.163801940086	3	4	2
14000	-448.013496064285	3	2	2
14100	-457.952773211814	3	3	1
14200	-451.048162340907	2	1	4
14300	-447.155882105133	3	3	2
14400	-451.927334730455	5	4	1
14500	-444.972714349388	5	3	0
14600	-459.421881360784	6	1	2
14700	-457.543988287966	6	1	2
14800	-447.216162874165	4	2	2
14900	-446.683656816345	4	2	1
15000	-439.88772225726	3	5	1
15100	-449.445735893034	4	1	1
15200	-449.650504435973	5	2	2
15300	-438.902275914664	3	2	1
15400	-450.036229719389	4	3	1
15500	-440.191336830527	4	2	0
15600	-440.647303161322	4	4	0
15700	-443.951220144188	5	5	0
15800	-447.12323767445	5	1	0
15900	-447.321558180482	5	3	0
16000	-453.204286629805	6	1	0
16100	-448.200137726787	4	2	1
16200	-459.953431489629	5	3	0
16300	-460.418730117516	5	3	1
16400	-452.310851399726	4	1	2
16500	-454.409903705263	4	3	1
16600	-461.853011715063	6	1	2
16700	-452.780114843328	4	4	1
16800	-459.197841616572	3	3	2
16900	-449.673755220995	5	1	1
17000	-453.97882545791	5	2	0
17100	-450.029340334711	3	2	3
17200	-448.390426350902	3	3	1
17300	-452.111055486505	4	1	2
17400	-450.025461758703	3	1	2
17500	-443.088589234897	4	4	0
17600	-447.482461561724	2	1	2
17700	-444.933647620224	3	1	4
17800	-455.055126705259	3	1	3
17900	-451.029396293468	3	3	3
18000	-448.746175164225	4	2	1
18100	-451.046073829207	4	1	1
18200	-451.724260058067	5	4	1
18300	-444.684632475545	5	2	0
18400	-456.595635140612	5	2	1
18500	-460.55410034378	4	5	0
18600	-453.853398530393	5	1	2
18700	-453.508544398761	5	6	0
18800	-455.35068834342	5	3	0
18900	-446.893318935059	4	3	1
19000	-449.12804051354	3	2	0
19100	-444.588232356193	4	1	2
19200	-443.690599629875	4	2	0
19300	-452.084963830751	5	1	3
19400	-452.828653337943	4	3	1
19500	-448.166583659472	5	1	0
19600	-449.699289076785	5	1	0
19700	-445.196490907353	5	2	0
19800	-452.265287375112	5	2	0
19900	-454.736214328958	4	2	0
20000	-454.166552125455	3	1	1
20100	-454.118800434404	5	3	0
20200	-447.458501517889	5	3	0
20300	-447.83119367764	5	1	1
20400	-447.397495127852	4	3	0
20500	-444.476556571505	5	2	0
20600	-448.98949247825	4	2	2
20700	-450.22244859459	5	2	1
20800	-441.306013741426	4	2	0
20900	-451.186593043917	5	1	0
21000	-447.518494840646	4	1	0
21100	-450.151344021972	4	1	1
21200	-444.119662416719	4	2	0
21300	-445.74670300236	5	2	1
21400	-450.869044301197	4	3	1
21500	-441.681720874437	4	3	1
21600	-447.392446635836	4	1	2
21700	-443.228333102333	5	1	0
21800	-445.600448651435	5	1	0
21900	-448.6026811103	5	2	0
22000	-451.233611313706	6	2	1
22100	-450.003386847584	5	2	0
22200	-447.350575775323	5	1	0
22300	-452.670711691044	6	2	1
22400	-447.332425646163	4	2	1
22500	-448.601829189549	4	2	0
22600	-446.236629428554	5	1	0
22700	-445.121776262113	4	1	1
22800	-456.763714380839	7	1	0
22900	-449.889978607473	3	1	1
23000	-456.874631988593	3	2	4
23100	-458.675795529288	4	4	0
23200	-449.477906997143	3	1	2
23300	-454.825933781696	2	1	5
23400	-447.123707905617	2	1	3
23500	-450.964361745789	2	1	4
23600	-448.040180447764	2	2	1
23700	-455.456951253309	2	4	2
23800	-450.634020093689	2	3	1
23900	-446.926999601674	3	2	1
24000	-448.933023694351	5	3	2
24100	-442.125854581449	4	2	1
24200	-443.868904297732	4	1	1
24300	-443.906505600346	3	2	2
24400	-458.304475415104	4	3	1
24500	-448.653186273874	3	1	2
24600	-444.90736591073	3	2	2
24700	-441.526155967434	3	2	1
24800	-445.205904995448	3	2	1
24900	-450.479483854409	3	2	2
25000	-454.13427139148	5	2	2
25100	-454.285638898767	6	2	2
25200	-449.179066256745	3	1	2
25300	-459.077053193473	4	2	2
25400	-450.005090619665	3	2	2
25500	-450.906453971984	4	1	0
25600	-451.622895683374	3	1	1
25700	-447.427358350077	3	3	1
25800	-446.132345676686	3	1	3
25900	-450.327649531268	2	2	0
26000	-455.073313853998	5	1	1
26100	-449.576303777805	4	3	1
26200	-451.221239693764	5	1	1
26300	-447.980776312291	5	3	0
26400	-455.578833798862	5	5	1
26500	-450.106447449549	5	2	1
26600	-444.989322290368	4	2	0
26700	-448.501296388793	4	1	2
26800	-445.328082981727	3	3	2
26900	-447.329277341274	3	2	3
27000	-442.99535394753	4	1	0
27100	-444.073175702206	4	2	0
27200	-445.760867878547	3	1	2
27300	-450.462083609327	3	1	0
27400	-451.60071751023	3	1	3
27500	-452.175012549291	3	4	2
27600	-450.611813759744	3	2	3
27700	-448.13465113153	3	3	3
27800	-451.309108331728	4	3	1
27900	-447.066830607935	4	2	0
28000	-462.658878088961	8	1	0
28100	-448.558232329724	4	1	1
28200	-447.053699176009	3	2	0
28300	-443.7777614425	3	2	2
28400	-451.578290565502	4	3	0
28500	-448.148618808359	4	2	1
28600	-453.491330906489	6	2	2
28700	-449.940231762104	4	1	2
28800	-457.59793555984	7	1	2
28900	-443.5133072188	4	2	2
29000	-448.571378868149	4	3	2
29100	-444.291755356663	4	2	1
29200	-446.130542294231	4	1	1
29300	-441.262548481247	4	3	1
29400	-446.313042737119	4	3	0
29500	-445.288227153844	4	2	0
29600	-453.530050150001	4	1	1
29700	-459.795170347582	5	2	2
29800	-447.500842810255	4	2	1
29900	-455.553721005035	6	2	2
30000	-454.629602315784	4	3	1
30100	-454.038016494602	3	3	4
30200	-440.41723287079	3	3	1
30300	-448.010075399632	4	1	1
30400	-445.369998140311	3	3	1
30500	-460.40741765656	6	3	2
30600	-445.251080518908	3	1	3
30700	-446.930189807716	4	2	1
30800	-446.433511252492	3	2	2
30900	-458.262120372928	4	1	3
31000	-455.705783758279	4	2	1
31100	-450.805579463514	5	1	1
31200	-448.640352321118	4	2	2
31300	-444.000175921044	3	2	1
31400	-451.124876252631	4	3	2
31500	-446.698290260609	3	2	3
31600	-456.861345161403	4	4	2
31700	-443.31209846685	3	2	2
31800	-451.366233709385	4	3	2
31900	-441.989676580254	3	1	2
32000	-449.327060296314	3	1	2
32100	-448.155599355923	3	3	2
32200	-451.253895390507	4	2	3
32300	-445.842893649804	3	2	2
32400	-448.74185539098	3	1	3
32500	-447.77226990041	4	3	2
32600	-447.930206700163	4	2	1
32700	-452.769183359003	3	7	2
32800	-443.041290788965	3	1	1
32900	-456.014199778035	4	3	4
33000	-448.70050672689	3	1	1
33100	-442.715299609198	3	3	1
33200	-455.995441071648	4	2	1
33300	-447.458736760514	5	3	2
33400	-464.567083617201	7	5	1
33500	-445.255100821046	4	3	2
33600	-443.740519110155	2	2	1
33700	-449.356527000839	4	3	1
33800	-456.340925108374	5	2	0
33900	-456.053283863988	4	1	3
34000	-452.329444532295	3	2	2
34100	-444.297092575299	3	2	1
34200	-446.294144952622	3	1	1
34300	-449.528535272685	3	2	2
34400	-442.835411584874	3	1	2
34500	-441.759422283505	3	3	1
34600	-445.604175744341	2	2	1
34700	-451.496229314368	3	1	2
34800	-444.589236435404	4	3	0
34900	-455.041231271102	5	1	3
35000	-454.082360310215	5	1	1
35100	-449.746088292676	4	3	0
35200	-450.461926604979	6	3	1
35300	-443.103651423234	4	1	1
35400	-454.031861013578	5	1	0
35500	-447.012948278792	3	2	2
35600	-453.463400492491	4	3	2
35700	-448.594453866652	5	2	0
35800	-456.88667729631	4	2	2
35900	-458.302841094312	4	1	0
36000	-455.258170594129	4	4	1
36100	-450.404279963106	4	3	2
36200	-450.458631198074	4	3	0
36300	-447.132165922606	4	2	2
36400	-449.70748609128	4	3	3
36500	-455.413954076018	3	2	4
36600	-452.216058419426	3	3	1
36700	-450.931620764298	4	3	3
36800	-447.632079273929	3	2	1
36900	-451.024131960282	5	3	1
37000	-454.092241082048	5	2	3
37100	-449.943532206255	5	2	1
37200	-449.447271534645	6	1	0
37300	-445.865344407056	4	1	2
37400	-449.332057519166	4	2	0
37500	-451.649057441743	3	1	1
37600	-449.868018559685	4	2	0
37700	-454.519260142981	4	1	0
37800	-450.690023275267	6	3	0
37900	-448.695083633037	3	2	1
38000	-456.219181550965	3	2	1
38100	-451.733965182693	3	3	2
38200	-443.809903036096	3	1	1
38300	-444.405558821317	3	2	1
38400	-447.050908392096	3	5	1
38500	-443.300488441731	3	1	2
38600	-454.143246065691	4	4	1
38700	-449.797017726737	4	3	1
38800	-468.38591359275	6	3	2
38900	-448.701007769628	3	1	1
39000	-454.134228893455	4	1	2
39100	-453.867805738816	4	1	2
39200	-455.209789593204	4	3	1
39300	-440.712509357286	4	3	1
39400	-448.891112493529	3	2	2
39500	-454.063593217037	5	2	1
39600	-448.096563402879	3	3	1
39700	-454.572658148744	4	3	2
39800	-447.411887760572	5	2	1
39900	-450.608907387085	4	2	3
40000	-462.071950378798	4	1	1
40100	-447.475321435071	5	2	1
40200	-444.177819648444	3	2	1
40300	-455.772219922035	3	3	0
40400	-446.802991479733	4	1	2
40500	-449.975804213561	4	1	1
40600	-445.777170431482	4	2	0
40700	-448.698213394741	4	1	1
40800	-447.174295892533	4	1	1
40900	-454.500234002467	3	2	4
41000	-442.911533627273	3	1	2
41100	-450.6331949993	3	1	2
41200	-444.417181136093	3	1	3
41300	-446.89197694834	3	3	3
41400	-449.466201792128	5	2	2
41500	-443.665666086644	3	1	2
41600	-451.187993566628	3	1	5
41700	-453.690996707139	4	1	4
41800	-453.408395199049	3	2	3
41900	-447.263855183126	3	1	3
42000	-455.887337498041	5	1	3
42100	-466.396782356043	4	2	4
42200	-449.033318490218	5	1	1
42300	-452.909413388931	4	2	1
42400	-450.555674538177	4	1	3
42500	-460.216184036086	4	3	3
42600	-461.96651765985	7	4	0
42700	-446.630173389326	4	4	1
42800	-443.71436840672	4	2	1
42900	-443.260940046735	4	1	1
43000	-452.804862292535	4	1	1
43100	-445.75961631561	3	1	0
43200	-444.653570889251	5	4	0
43300	-455.277559497114	3	1	2
43400	-455.447139660431	4	1	1
43500	-459.794061895875	4	3	2
43600	-450.835103461048	3	3	1
43700	-451.890001097906	2	3	4
43800	-444.936199484292	3	2	0
43900	-446.620653308132	3	1	1
44000	-449.931228370701	4	3	0
44100	-449.923491004951	4	1	2
44200	-448.549823664364	5	1	1
44300	-456.174014104654	4	4	1
44400	-449.008448553086	5	2	0
44500	-461.003650282638	5	4	3
44600	-452.187950578005	4	3	1
44700	-448.585771300972	4	2	0
44800	-457.630292997171	5	2	2
44900	-455.256165313086	4	1	2
45000	-447.762412155416	5	2	0
45100	-445.230295603342	4	1	1
45200	-444.532342231318	4	1	2
45300	-442.101419554425	4	2	1
45400	-446.084863745061	4	1	0
45500	-455.828023818712	3	4	1
45600	-453.861675349396	4	1	0
45700	-441.586927656833	3	1	1
45800	-451.257099340174	4	3	1
45900	-448.247889948079	3	1	2
46000	-447.604873462066	3	2	1
46100	-447.045679040999	4	1	2
46200	-442.147896400474	3	1	2
46300	-445.325516927346	4	2	1
46400	-453.470309093734	3	3	2
46500	-447.946859399146	4	3	2
46600	-452.09188317661	4	2	4
46700	-454.78348425856	4	1	3
46800	-449.365249735515	4	1	1
46900	-439.860861009991	3	1	1
47000	-456.081598527583	5	2	2
47100	-440.697801335782	3	2	1
47200	-447.382094422211	4	1	1
47300	-443.998769306585	3	1	1
47400	-443.67335854409	3	1	2
47500	-443.27689355517	3	1	2
47600	-447.494046049234	3	3	1
47700	-442.160552613231	3	2	1
47800	-456.12333989567	4	3	1
47900	-458.166467721421	4	5	1
48000	-445.112039576878	3	1	2
48100	-449.33174950709	3	2	3
48200	-444.094798669714	4	1	1
48300	-454.348766548427	3	3	0
48400	-445.284321426412	3	1	0
48500	-444.876029427401	3	1	0
48600	-454.545373699005	4	2	3
48700	-457.704707484975	2	1	6
48800	-451.761101929386	3	3	2
48900	-450.460877045467	4	1	2
49000	-459.457023616075	6	3	2
49100	-442.715558530956	3	2	1
49200	-445.249447926901	3	1	2
49300	-447.262548395989	4	1	2
49400	-443.14742970962	4	2	1
49500	-441.129354073812	4	1	0
49600	-444.127823262587	4	1	0
49700	-452.652793314168	3	2	1
49800	-453.987136230065	2	3	1
49900	-451.921409483717	3	4	0
50000	-453.844771559326	3	2	1
50100	-455.67558579166	3	2	4
50200	-454.742161321874	4	2	2
50300	-446.86168295039	3	2	1
50400	-446.659228066809	3	2	1
50500	-447.849327510534	5	2	1
50600	-450.791364651486	4	3	1
50700	-447.30363347229	4	2	1
50800	-441.7430914304	3	1	1
50900	-448.837982750023	3	2	1
51000	-441.98633331371	3	1	1
51100	-441.056146583517	3	2	1
51200	-445.142823522375	3	1	1
51300	-446.015096213326	4	3	2
51400	-450.172342653514	3	2	1
51500	-455.112189594425	3	2	1
51600	-453.712904242711	4	3	2
51700	-459.67195869558	4	2	3
51800	-455.429956999057	3	2	2
51900	-448.149209801207	2	2	3
52000	-446.080393990508	2	2	3
52100	-448.57723824119	2	4	3
52200	-451.684495009244	3	4	2
52300	-451.444306427617	5	2	2
52400	-439.540074383996	3	1	1
52500	-447.110591369793	3	2	2
52600	-448.181851452913	3	2	5
52700	-447.351416725057	4	1	3
52800	-447.042490266472	3	1	2
52900	-454.999287433972	4	4	3
53000	-476.626833431849	7	2	4
53100	-447.314220091072	4	5	0
53200	-441.693949336221	4	2	0
53300	-447.029464399955	5	1	0
53400	-446.779516613419	5	1	1
53500	-443.429685179838	4	1	0
53600	-453.383620139829	4	2	2
53700	-445.513844087074	4	3	1
53800	-452.789485579265	3	4	0
53900	-451.082097429926	3	2	1
54000	-445.971966611787	3	2	1
54100	-446.239761191779	3	3	0
54200	-457.59147018007	3	1	5
54300	-452.805650548863	2	1	1
54400	-456.125244984576	3	3	1
54500	-451.914491462105	2	2	3
54600	-448.676842791552	2	4	3
54700	-455.947966399516	3	3	2
54800	-445.451321307214	2	2	2
54900	-449.535485121829	2	2	1
55000	-455.468534329218	6	4	1
55100	-447.654376832464	3	2	2
55200	-448.159898734093	4	1	3
55300	-454.180473028593	4	2	3
55400	-453.481602194289	3	2	3
55500	-453.324213992367	4	2	2
55600	-447.379646963633	3	2	2
55700	-450.906405362716	3	4	1
55800	-455.884551581265	5	1	3
55900	-444.741114794205	3	3	2
56000	-443.213763398733	3	1	2
56100	-445.63846259529	4	1	1
56200	-443.682119057774	3	1	1
56300	-442.705392201614	3	1	2
56400	-457.337989202515	3	4	3
56500	-446.416263710761	3	1	2
56600	-444.81054331329	4	3	1
56700	-442.777086351456	3	1	1
56800	-449.444667938197	4	1	2
56900	-443.569432395628	3	2	2
57000	-445.01755026628	3	3	1
57100	-442.512159598252	3	1	1
57200	-443.256804303518	3	2	2
57300	-454.369332099797	5	1	1
57400	-446.237957285477	4	1	2
57500	-452.521258887931	4	2	2
57600	-455.007800237865	5	2	1
57700	-451.300172188849	3	1	4
57800	-445.077579624271	3	2	2
57900	-452.03806589896	4	1	4
58000	-442.192791730501	3	1	2
58100	-444.792264232117	3	2	2
58200	-449.270705188945	3	1	3
58300	-450.075106171639	4	3	2
58400	-450.605254066803	4	2	1
58500	-448.434032783748	3	1	2
58600	-445.200905750862	3	2	2
58700	-454.788212810949	5	1	2
58800	-447.651645167651	4	2	1
58900	-449.374154275944	3	2	1
59000	-440.842549696552	3	1	1
59100	-452.403509313161	4	1	2
59200	-448.15393092537	3	1	1
59300	-448.748296524461	4	4	1
59400	-448.833183890261	4	3	2
59500	-447.742582097093	3	2	3
59600	-453.941474728539	3	3	2
59700	-449.343500262247	3	1	2
59800	-449.76208120047	3	1	3
59900	-453.550550402639	3	3	3
60000	-451.368442934808	3	1	5
60100	-442.27315568039	3	2	2
60200	-445.862155240718	3	4	2
60300	-456.073502541425	5	4	2
60400	-453.422581738055	5	2	1
60500	-443.654264473369	5	3	0
60600	-450.637534388716	5	1	1
60700	-446.80457173686	4	1	0
60800	-461.475093894486	3	4	2
60900	-457.309409230974	4	1	2
61000	-448.855366791304	4	2	1
61100	-455.924482684601	3	4	2
61200	-439.448002191795	3	3	1
61300	-446.929686965531	4	1	2
61400	-456.40018719292	5	3	1
61500	-454.941351412099	4	3	1
61600	-449.580976206916	3	3	1
61700	-448.03197999234	4	2	2
61800	-450.703424099085	3	2	1
61900	-450.669812012683	4	1	2
62000	-450.676762628082	3	1	3
62100	-445.651894603497	4	1	2
62200	-446.024567545731	3	1	1
62300	-447.345904907136	4	1	1
62400	-451.653198612118	3	1	2
62500	-451.961546338053	3	1	3
62600	-440.965695832432	3	2	1
62700	-446.764471003624	3	1	2
62800	-444.43613737917	4	1	1
62900	-448.287551224041	3	3	2
63000	-444.369881623037	3	1	1
63100	-449.566037098865	4	3	2
63200	-457.857020508516	4	1	3
63300	-466.209399097651	7	1	4
63400	-444.557047217448	4	2	1
63500	-444.948085498498	4	1	1
63600	-454.590527073425	4	1	2
63700	-446.894752098897	4	1	1
63800	-443.739973117843	4	1	1
63900	-446.400763086447	3	2	1
64000	-442.598977852399	4	2	1
64100	-453.339906050078	4	1	2
64200	-449.236375133115	3	1	3
64300	-444.336441022405	3	1	2
64400	-457.421683524763	4	4	2
64500	-447.701399057876	3	2	1
64600	-445.559152903867	3	3	1
64700	-447.119786149542	3	1	1
64800	-445.71715973269	3	1	2
64900	-449.405372495861	4	2	2
65000	-448.218591881491	4	2	1
65100	-442.623647142967	3	1	2
65200	-452.290431725246	3	2	3
65300	-448.802445914054	4	1	2
65400	-445.451448271857	3	2	3
65500	-444.711999340005	4	2	2
65600	-448.810274165699	3	1	4
65700	-444.033468157433	3	2	2
65800	-447.908216032993	5	2	2
65900	-447.449158712193	3	2	3
66000	-448.925764118691	3	2	3
66100	-450.888539638282	3	2	2
66200	-452.206828101434	4	1	2
66300	-445.968125015555	3	1	1
66400	-453.621330287627	4	1	1
66500	-444.453155590011	3	4	1
66600	-448.90169811944	5	1	1
66700	-448.327058245074	3	1	2
66800	-447.228753772695	3	1	2
66900	-441.911917764759	3	2	2
67000	-444.081535850377	3	3	2
67100	-452.031081384151	4	2	3
67200	-447.720941868905	4	1	1
67300	-450.165574290496	4	3	2
67400	-454.807481197528	4	2	2
67500	-448.998863342392	4	2	3
67600	-442.397231421618	3	1	2
67700	-448.495095914501	3	1	2
67800	-449.824161232541	3	1	2
67900	-448.150680535115	4	2	4
68000	-449.846696841618	4	1	3
68100	-450.653004000987	4	1	2
68200	-453.914034408613	3	2	2
68300	-444.659197304913	3	1	3
68400	-441.371221322455	3	3	2
68500	-447.973286238573	3	2	3
68600	-448.614817798634	3	2	3
68700	-449.84587274261	3	1	4
68800	-453.189134856893	5	4	3
68900	-445.951384447319	4	1	2
69000	-448.963421641036	4	2	2
69100	-446.852037368903	3	1	1
69200	-456.658141660485	4	2	1
69300	-449.16652953288	4	4	1
69400	-452.578852830539	3	4	1
69500	-446.612488995065	3	1	1
69600	-449.718117692546	4	2	2
69700	-455.796353369795	4	2	3
69800	-449.650400176545	3	1	1
69900	-448.005092285704	4	2	2
70000	-454.013705275205	4	2	3
70100	-448.136181278521	4	1	1
70200	-441.505484362397	3	1	1
70300	-437.984444109496	3	2	1
70400	-444.255301922295	4	1	1
70500	-449.308735654174	3	2	4
70600	-457.401992982389	3	2	6
70700	-445.429978194508	4	2	2
70800	-459.311888815312	5	1	3
70900	-459.391092517806	3	5	3
71000	-444.892057712337	3	3	3
71100	-450.395336061756	5	3	2
71200	-449.139322127928	3	2	4
71300	-445.826769520264	3	2	1
71400	-453.907757895578	4	1	2
71500	-456.697667067303	3	3	3
71600	-456.362851885079	4	2	1
71700	-447.245254158774	3	1	3
71800	-448.193477783637	3	3	1
71900	-448.554000149542	5	3	2
72000	-450.366235915058	3	2	4
72100	-445.158450419052	4	2	2
72200	-451.537206757221	4	1	2
72300	-443.503999063345	4	1	0
72400	-455.038914480388	5	2	2
72500	-450.461888831008	5	6	0
72600	-454.492458512696	5	2	1
72700	-445.529704527545	4	3	1
72800	-443.158051265771	4	1	0
72900	-449.052561097685	4	1	1
73000	-451.995191054291	5	5	0
73100	-440.48827651749	4	3	0
73200	-440.192644584281	3	2	1
73300	-440.288183340957	3	2	1
73400	-449.10473438769	5	3	1
73500	-452.24587848441	4	1	1
73600	-456.140549735987	4	3	1
73700	-441.967702412348	3	1	1
73800	-449.225768080577	3	4	1
73900	-448.584665250288	4	2	2
74000	-451.295740104597	3	2	3
74100	-443.090007618836	4	2	1
74200	-444.279044172473	3	1	1
74300	-444.469042065269	4	1	1
74400	-446.096099825393	4	1	1
74500	-450.413505049873	3	1	3
74600	-456.307876980516	4	2	3
74700	-446.428606561621	5	1	1
74800	-448.406160827632	3	3	2
74900	-451.170986729576	4	1	2
75000	-447.66892021671	3	3	2
75100	-454.953925414243	3	4	1
75200	-449.427262067271	4	1	3
75300	-448.444282864775	4	1	1
75400	-457.309611380133	6	1	1
75500	-447.439192721931	4	3	0
75600	-453.8427125195	7	1	1
75700	-457.377929054484	4	1	3
75800	-442.705868363799	4	2	0
75900	-459.579608792795	7	1	1
76000	-449.637385727142	4	3	1
76100	-443.126202736619	4	1	1
76200	-454.884412030767	5	2	1
76300	-450.137189029191	4	3	0
76400	-444.113235550844	3	1	1
76500	-444.024899877898	3	1	1
76600	-441.715630950987	3	2	1
76700	-450.770183763097	4	3	1
76800	-451.540286623724	4	2	4
76900	-451.20019670445	4	3	2
77000	-452.887477744179	4	3	3
77100	-446.21329540162	3	1	2
77200	-445.67590915426	3	2	3
77300	-445.627402834679	3	2	1
77400	-445.582566290083	3	1	2
77500	-453.214333241237	3	3	2
77600	-456.328922663817	5	1	4
77700	-447.224173109227	3	1	4
77800	-450.240762705947	3	2	4
77900	-455.722246299717	3	1	3
78000	-452.390350228146	3	5	4
78100	-447.167082899685	3	1	2
78200	-450.566803014304	3	1	4
78300	-449.855917757785	3	3	3
78400	-444.993774531286	3	1	1
78500	-450.682957143625	3	3	1
78600	-443.148581610122	4	1	0
78700	-453.164534204433	4	2	0
78800	-450.487079121194	4	1	0
78900	-452.764717944998	5	3	1
79000	-445.065209862719	4	1	1
79100	-454.390954766389	5	1	3
79200	-449.433110468563	4	2	2
79300	-448.503735569942	4	2	2
79400	-451.782477369599	6	1	1
79500	-442.819746628705	3	2	1
79600	-452.350841906676	4	1	2
79700	-447.61159510973	3	2	3
79800	-452.564654290327	3	2	2
79900	-457.056748818479	2	4	3
80000	-452.590442530439	2	3	4
80100	-456.656519983288	2	4	2
80200	-448.332772828559	2	5	1
80300	-453.950432895929	2	2	3
80400	-448.405791097506	2	2	2
80500	-449.529745830322	2	3	2
80600	-449.396992357859	2	2	1
80700	-451.55304650782	3	2	2
80800	-447.302047214956	2	2	1
80900	-449.891750449205	3	3	3
81000	-451.685830220354	2	2	2
81100	-444.219618235031	2	3	2
81200	-453.981943836178	3	7	1
81300	-454.976335794724	2	2	2
81400	-450.212749371127	2	2	3
81500	-454.43641493065	4	1	2
81600	-445.353487732433	2	2	1
81700	-445.568248391233	2	2	2
81800	-443.817494684491	2	3	1
81900	-445.183873661207	2	3	2
82000	-451.021549835606	3	3	1
82100	-452.517771963063	3	5	2
82200	-455.36712989662	4	1	2
82300	-452.004835708607	4	1	2
82400	-443.595495714846	3	1	1
82500	-446.139657123546	4	1	1
82600	-446.965868587967	3	4	2
82700	-455.10955927636	3	3	2
82800	-448.403824782887	3	2	2
82900	-445.962036060712	3	2	2
83000	-443.795496934269	3	1	2
83100	-446.714798383719	3	4	2
83200	-450.611934686441	4	1	1
83300	-447.036567632623	4	3	1
83400	-447.952337056496	4	1	2
83500	-442.514769268828	3	2	1
83600	-454.073753315093	4	3	2
83700	-444.535641130695	3	1	1
83800	-451.542473095078	4	2	1
83900	-450.882125005354	3	1	3
84000	-455.643714491135	3	2	2
84100	-452.841952027356	3	2	3
84200	-446.942038471176	3	2	3
84300	-451.003226500356	3	3	4
84400	-448.771338769015	3	2	2
84500	-458.703363925407	5	1	1
84600	-444.440810188318	3	1	1
84700	-456.926358981738	3	1	1
84800	-453.352524628295	3	2	4
84900	-447.391655005311	2	2	2
85000	-449.440200791795	2	2	3
85100	-449.5269384418	2	3	1
85200	-449.130898353311	2	1	4
85300	-444.990059530021	3	2	1
85400	-453.817160494658	5	1	2
85500	-440.377060989789	3	3	1
85600	-452.257548437731	3	4	3
85700	-444.111933311149	4	1	1
85800	-456.921170296499	4	1	3
85900	-457.258841070802	5	2	3
86000	-443.608419974677	3	1	2
86100	-446.310622361484	3	4	2
86200	-452.710173381042	3	4	3
86300	-444.510845068052	3	2	3
86400	-446.804324796103	3	3	3
86500	-441.551445603465	3	2	2
86600	-446.059739039531	4	2	2
86700	-442.710565128416	3	1	2
86800	-459.394664533824	4	3	3
86900	-447.519862264491	4	1	2
87000	-443.992468854101	3	3	2
87100	-446.382244238575	3	2	2
87200	-447.314205636402	3	3	1
87300	-451.215240839798	3	3	2
87400	-446.441714006021	3	1	2
87500	-450.582773018267	4	1	2
87600	-447.42901404791	5	1	0
87700	-444.135992244356	4	1	1
87800	-449.586975023349	4	3	1
87900	-444.930240236064	4	3	0
88000	-459.489271761839	4	1	3
88100	-458.225998666581	4	1	5
88200	-455.349521795433	3	2	5
88300	-448.209656419175	4	3	2
88400	-452.674062257049	3	3	1
88500	-452.302527102047	3	4	2
88600	-450.103958579902	4	1	1
88700	-443.461308241262	4	1	1
88800	-450.770870031571	4	1	2
88900	-447.271069620953	5	2	0
89000	-441.803686587367	5	2	0
89100	-447.432771903587	4	3	1
89200	-448.594848223317	5	1	2
89300	-445.587036854078	4	1	0
89400	-457.306826762547	4	1	0
89500	-456.357184619743	4	1	3
89600	-451.371041762085	2	3	2
89700	-446.971659127138	3	1	2
89800	-445.406290358725	2	1	1
89900	-453.411413166393	2	3	4
90000	-442.572163973654	3	3	2
90100	-441.409391670282	3	2	2
90200	-450.112882110916	3	1	2
90300	-446.103185342239	3	2	1
90400	-448.259097838459	3	1	3
90500	-451.102492190683	4	1	1
90600	-453.400090730423	5	2	1
90700	-448.878312974621	3	1	2
90800	-453.9343539518	3	4	3
90900	-446.497453917889	4	1	1
91000	-445.68077875514	3	1	2
91100	-446.627891547323	3	1	2
91200	-457.500384903054	5	2	2
91300	-449.275624785187	5	3	0
91400	-465.592934556073	6	3	0
91500	-444.453234562047	5	3	0
91600	-441.94278364361	4	2	0
91700	-446.973132563612	4	2	1
91800	-449.318839763871	3	1	0
91900	-448.728145237695	4	3	1
92000	-449.41281801783	4	2	1
92100	-447.94733500012	5	2	0
92200	-448.93636724252	4	5	2
92300	-449.303148521222	4	1	0
92400	-450.44225312777	3	2	3
92500	-452.289339282347	3	3	0
92600	-446.59299545831	2	2	2
92700	-451.439213787215	2	3	3
92800	-450.066095782641	3	1	3
92900	-465.39554074437	5	2	2
93000	-449.312191833177	3	2	2
93100	-445.600461036711	3	1	1
93200	-441.581844297675	3	1	1
93300	-440.028717290627	3	3	2
93400	-447.425889096866	3	2	2
93500	-441.918004691712	3	1	1
93600	-448.02131270311	4	1	1
93700	-454.784121627889	3	1	3
93800	-448.583330844931	3	4	1
93900	-445.221122442452	4	1	1
94000	-448.262978447197	4	1	1
94100	-453.16838148155	3	1	3
94200	-442.28886986345	4	2	1
94300	-445.053681143951	2	3	4
94400	-446.02519322849	2	3	1
94500	-447.278383333238	2	2	3
94600	-468.053047112745	4	4	5
94700	-471.414936838433	3	4	5
94800	-449.272993410878	3	2	1
94900	-444.682897991445	3	3	2
95000	-448.925330552296	4	1	1
95100	-445.494188052661	4	4	3
95200	-447.49077659652	3	1	1
95300	-443.620648420516	3	2	1
95400	-449.597018819326	3	3	2
95500	-458.927207195546	4	2	4
95600	-452.452398076687	4	1	4
95700	-446.784130738491	4	3	1
95800	-447.528276277331	3	2	3
95900	-449.996157363087	4	2	0
96000	-447.447482525137	5	2	0
96100	-449.170130760356	5	3	1
96200	-444.827042131318	4	2	0
96300	-453.199576041387	5	1	1
96400	-461.022712367435	7	1	3
96500	-445.158041963278	4	2	0
96600	-444.598471318462	4	2	0
96700	-447.327164268118	4	2	2
96800	-456.129638680031	5	3	0
96900	-454.706236394726	6	3	0
97000	-447.644941132982	4	3	1
97100	-441.711602099316	4	3	0
97200	-448.97859204433	5	1	0
97300	-444.415884912199	4	1	1
97400	-448.315301544839	5	3	1
97500	-450.492976593334	4	2	1
97600	-455.417149095437	4	3	1
97700	-445.881345711208	6	1	0
97800	-450.805923528314	5	1	0
97900	-456.260724524971	4	2	1
98000	-449.20447665156	4	2	1
98100	-446.460042920996	3	2	2
98200	-444.93035102854	3	1	1
98300	-453.331494614602	5	1	2
98400	-451.419485332831	4	1	2
98500	-441.726182176956	3	1	2
98600	-444.706138541592	3	1	2
98700	-445.997877979223	3	1	2
98800	-447.106941652693	4	2	1
98900	-446.734745221597	3	2	1
99000	-455.472623041917	4	4	2
99100	-444.752290035427	4	3	1
99200	-444.296406667351	3	1	2
99300	-442.769931287025	3	1	1
99400	-446.561244526117	4	1	2
99500	-444.180577599078	3	3	3
99600	-451.848258846637	4	2	2
99700	-451.773754701804	4	1	3
99800	-452.902718032502	3	1	2
99900	-448.911685711892	3	3	2
1e+05	-452.46986343029	4	1	2
100100	-449.033695792665	3	3	1
100200	-450.879135152039	3	1	2
100300	-444.761049473701	4	1	0
100400	-445.003403555635	4	3	0
100500	-448.806161515644	4	2	1
100600	-451.477933069356	4	1	0
100700	-456.569078543953	4	2	2
100800	-446.098389701256	3	1	2
100900	-442.922985907536	3	1	2
101000	-448.353478369632	4	1	2
101100	-450.284944303818	4	1	1
101200	-450.721923030811	5	1	1
101300	-449.187737260637	5	3	0
101400	-455.919753061674	5	2	3
101500	-450.776383793329	4	2	0
101600	-459.05199708345	3	3	2
101700	-458.3205413139	5	1	0
101800	-450.8113560362	3	3	1
101900	-457.860533064833	3	3	1
102000	-446.149498004961	3	1	2
102100	-452.174871104226	3	1	3
102200	-453.380124605537	3	2	0
102300	-448.159699303088	3	2	1
102400	-443.751687419545	3	2	0
102500	-453.946512914902	2	4	0
102600	-452.362965594874	4	1	0
102700	-449.899543581944	4	1	0
102800	-454.028900428011	4	3	0
102900	-454.701336333047	4	2	1
103000	-453.051255808509	5	2	0
103100	-453.434057365847	2	1	2
103200	-454.290745090823	4	2	1
103300	-452.276007397112	3	3	2
103400	-447.035062565028	4	2	2
103500	-450.856275277003	5	1	0
103600	-444.60963582518	4	3	0
103700	-447.158420822983	4	1	1
103800	-446.443996027716	4	1	1
103900	-454.160532734225	4	5	1
104000	-446.882981757375	4	2	0
104100	-442.543916980104	4	3	0
104200	-443.671544147405	4	3	0
104300	-448.709481189546	4	2	1
104400	-457.029859601023	4	4	1
104500	-460.214826298871	3	3	0
104600	-455.367652487008	2	3	3
104700	-457.632054706649	2	4	4
104800	-447.159515795916	2	2	1
104900	-456.9300576681	2	2	6
105000	-460.930501125285	2	4	5
105100	-442.73300837634	2	7	1
105200	-445.823328851451	2	2	1
105300	-448.60595267194	2	3	3
105400	-452.035852670072	2	2	4
105500	-448.00976483751	2	3	4
105600	-455.203298189531	3	3	3
105700	-448.428718215767	2	1	3
105800	-447.12748070687	3	2	1
105900	-445.706185019895	3	2	1
106000	-455.376929783334	4	2	2
106100	-449.729485644138	3	4	2
106200	-460.640401429695	3	4	1
106300	-449.989682814623	2	2	2
106400	-445.592692707484	3	2	2
106500	-451.476641120245	3	2	1
106600	-444.909520146615	3	3	0
106700	-448.711022378277	3	2	1
106800	-457.624745226435	5	3	0
106900	-450.820957647335	3	2	1
107000	-449.362489359048	3	2	2
107100	-450.77852436016	4	2	1
107200	-446.069026996997	3	1	2
107300	-446.064646073063	3	1	2
107400	-460.578331098463	4	5	2
107500	-447.225156390894	4	2	2
107600	-445.399309849414	4	1	1
107700	-448.071546377764	4	3	1
107800	-447.41698311725	3	2	3
107900	-442.542172199527	3	2	2
108000	-444.94046391656	3	1	1
108100	-450.34082242754	3	2	2
108200	-449.555675052328	4	2	1
108300	-454.307220782924	6	2	2
108400	-458.307426631439	6	2	2
108500	-454.62361488818	4	4	1
108600	-444.842348966268	3	4	2
108700	-452.498586555162	4	1	2
108800	-442.566496922875	4	2	1
108900	-440.567602881198	3	2	1
109000	-447.917556770266	3	3	1
109100	-445.848553058292	4	1	1
109200	-442.826369923264	3	1	2
109300	-447.252584778345	3	1	3
109400	-444.09721131076	4	1	2
109500	-447.797170526993	4	2	2
109600	-443.758454741314	3	2	1
109700	-438.178691017335	3	1	1
109800	-438.160173554184	3	1	1
109900	-445.92861398077	5	3	2
110000	-457.696343555074	5	2	1
110100	-451.665308422544	3	1	3
110200	-450.622259057935	3	1	3
110300	-458.122559029479	2	1	5
110400	-456.03696247297	4	1	0
110500	-450.595067973369	3	5	2
110600	-444.632175217837	3	1	1
110700	-462.292599140414	4	3	2
110800	-460.730590719989	5	1	3
110900	-451.724552873547	3	2	1
111000	-446.005426308924	3	1	1
111100	-446.183269282326	4	2	1
111200	-441.808772094289	3	1	2
111300	-441.126017177453	3	2	2
111400	-448.386403726044	3	4	2
111500	-447.038755648808	3	1	1
111600	-450.331102595868	4	5	1
111700	-445.899520447611	4	2	2
111800	-445.304626311056	4	1	0
111900	-443.314248281903	4	1	1
112000	-450.255260117597	4	3	0
112100	-447.307021205194	4	3	0
112200	-443.978312622453	4	1	2
112300	-448.633624397226	4	2	1
112400	-444.503526227512	4	1	0
112500	-452.685550340671	5	1	0
112600	-451.087069464379	5	2	0
112700	-445.962746563566	4	2	0
112800	-451.617503632097	6	2	0
112900	-448.471519131387	4	1	1
113000	-461.090819515641	5	2	0
113100	-442.413056428983	4	2	0
113200	-443.989737441765	4	2	1
113300	-445.618212388909	4	2	0
113400	-441.659311521773	4	4	1
113500	-456.41501890632	6	1	1
113600	-449.228833629579	5	2	1
113700	-457.524717164428	5	2	1
113800	-452.021384806238	4	1	0
113900	-447.675125024736	5	3	1
114000	-449.073910701216	4	1	1
114100	-450.51490672178	4	1	1
114200	-457.673967157735	4	2	1
114300	-457.868542815856	6	1	1
114400	-457.218424190487	6	1	1
114500	-445.195822562694	4	2	0
114600	-443.722890651646	4	2	0
114700	-441.869025338627	4	2	0
114800	-443.936288268258	4	1	1
114900	-443.328665780526	4	2	0
115000	-441.110256780123	3	2	1
115100	-445.481006895415	3	3	2
115200	-451.159221141835	4	1	2
115300	-444.631847938844	4	3	2
115400	-452.395722785456	4	1	2
115500	-454.007683545017	5	1	2
115600	-445.265146542935	3	1	2
115700	-448.122794069889	3	1	2
115800	-456.589069426265	5	1	3
115900	-452.202253601644	5	2	2
116000	-449.223628351957	3	2	2
116100	-450.261762835649	3	3	3
116200	-448.965729922363	3	1	2
116300	-443.597938460811	3	1	1
116400	-460.159927732881	5	1	3
116500	-443.924072876439	4	3	1
116600	-445.88164761956	4	1	1
116700	-449.222621267459	4	1	1
116800	-456.786065469461	5	3	2
116900	-452.667251084142	5	1	1
117000	-445.987770382352	4	1	2
117100	-444.919326667923	3	4	2
117200	-443.8016929661	3	1	2
117300	-442.955390491908	3	2	2
117400	-450.395114773798	3	1	3
117500	-441.014349243355	3	1	2
117600	-457.061982288294	4	2	2
117700	-456.933008154571	4	2	3
117800	-451.854880682408	4	1	3
117900	-449.175495789115	4	1	3
118000	-450.816778543284	3	3	2
118100	-452.471610460315	3	6	2
118200	-447.746433832882	4	1	1
118300	-445.561607927791	4	2	0
118400	-444.530387069261	4	2	1
118500	-449.50763183006	5	3	0
118600	-443.8118192938	4	2	0
118700	-454.451938290182	5	2	0
118800	-447.082271923602	3	3	2
118900	-460.044494273543	6	2	2
119000	-446.32069878836	3	2	1
119100	-452.236887255891	2	4	1
119200	-450.375330619371	5	1	0
119300	-450.876223551617	4	1	2
119400	-453.373235316681	6	2	1
119500	-441.211058815504	4	1	2
119600	-443.429399811535	4	4	1
119700	-447.209308825553	3	2	2
119800	-452.391256596047	4	1	1
119900	-464.874770145357	5	1	1
120000	-445.445095775128	2	3	1
120100	-452.683667619542	3	2	1
120200	-447.637155938756	4	2	2
120300	-453.383283720821	4	1	2
120400	-447.72077519321	4	3	2
120500	-453.990363939621	3	2	4
120600	-454.551040959788	5	1	2
120700	-462.78305039067	4	4	4
120800	-442.979476398017	4	2	1
120900	-450.797367651117	4	1	4
121000	-447.092582525135	3	1	2
121100	-461.349731454873	5	2	3
121200	-456.112533226175	5	1	1
121300	-474.829718322027	6	1	6
121400	-444.258385475308	4	2	1
121500	-454.396473929112	5	3	0
121600	-448.039289476537	4	2	1
121700	-447.888950692616	4	2	1
121800	-458.644802229576	5	1	3
121900	-456.882830950491	5	2	2
122000	-448.119335286168	3	2	2
122100	-451.12322527449	5	2	0
122200	-442.044750586453	3	4	1
122300	-450.252465266674	5	2	0
122400	-445.122736037776	4	2	0
122500	-451.351468909009	5	2	0
122600	-453.342711253517	5	1	0
122700	-450.902528583556	4	1	0
122800	-448.041783590765	4	2	0
122900	-447.691144680647	4	1	0
123000	-444.488103998973	5	2	0
123100	-449.295335009737	5	2	0
123200	-443.202850496574	4	1	0
123300	-454.532063330998	3	2	1
123400	-449.848159115485	3	3	1
123500	-459.780114379891	5	3	2
123600	-447.231282444519	3	3	0
123700	-458.208901947392	5	3	1
123800	-448.476655275457	3	2	1
123900	-446.152442364887	3	1	0
124000	-443.304523487624	3	2	1
124100	-441.598858249825	3	2	3
124200	-454.342021367144	5	1	2
124300	-446.754785483741	4	1	0
124400	-445.086503507807	4	3	1
124500	-452.493811699018	5	3	1
124600	-447.560493982178	4	2	1
124700	-446.025823668285	4	2	1
124800	-452.538111246237	4	1	0
124900	-454.028234481242	5	2	0
125000	-455.952906623801	5	4	1
125100	-449.233787197214	5	1	0
125200	-443.027907801893	4	1	1
125300	-442.415468944836	4	2	0
125400	-460.386552051754	7	3	0
125500	-449.908420538367	4	3	0
125600	-456.043824614342	4	3	1
125700	-448.43656004953	4	2	1
125800	-446.222895428421	3	1	3
125900	-447.478535273281	4	3	2
126000	-451.40238556715	4	3	2
126100	-446.470406409973	4	3	2
126200	-454.594713416529	3	1	5
126300	-445.799328034544	3	1	2
126400	-450.756030830222	4	2	2
126500	-443.501268243878	4	2	1
126600	-460.047617717606	4	3	2
126700	-444.725301327128	3	1	3
126800	-443.997118908864	3	2	3
126900	-451.0923476919	4	2	4
127000	-443.324019210601	3	4	2
127100	-447.46163356402	3	1	2
127200	-448.43202515615	3	2	2
127300	-447.883655683703	3	4	1
127400	-443.305997069462	3	4	1
127500	-444.132134439821	3	3	2
127600	-447.649849201133	5	3	2
127700	-444.639208558766	4	1	1
127800	-451.47757423729	4	3	1
127900	-447.261559914812	4	3	2
128000	-445.708494426303	3	1	2
128100	-443.381023478189	4	1	2
128200	-447.158101596845	3	3	1
128300	-454.904858774662	5	1	3
128400	-450.762059358193	5	2	1
128500	-447.621554633919	3	2	1
128600	-446.45328047132	3	4	1
128700	-451.728217737586	4	1	1
128800	-448.536753827939	4	2	2
128900	-449.2926332216	5	3	1
129000	-450.050837548094	4	1	2
129100	-440.074970885932	3	2	2
129200	-445.086265014778	3	1	1
129300	-454.203798070259	4	2	3
129400	-451.481299249329	4	2	1
129500	-453.379897565261	3	2	2
129600	-449.799978346765	3	2	2
129700	-449.598150133588	3	1	4
129800	-444.178760604213	3	1	3
129900	-449.250331667932	3	2	3
130000	-441.351512092286	3	1	2
130100	-455.555314189824	3	4	4
130200	-451.226279506614	3	3	3
130300	-448.095184836812	4	1	2
130400	-446.621515950215	3	2	2
130500	-451.82627066276	4	2	2
130600	-451.854797725245	3	3	1
130700	-449.976744386557	3	3	4
130800	-452.041432574686	3	1	2
130900	-454.766590137835	4	2	4
131000	-448.622511407075	3	1	2
131100	-452.653506984913	3	2	4
131200	-444.748622256701	3	4	3
131300	-451.91080614606	3	1	3
131400	-456.959869926408	3	3	4
131500	-447.199591754966	3	2	3
131600	-451.010260624215	6	2	2
131700	-444.861157187502	3	2	2
131800	-446.312912726072	3	2	3
131900	-456.076606777685	4	1	2
132000	-449.474567392491	3	2	2
132100	-447.48208922553	4	2	1
132200	-459.786660574468	3	6	3
132300	-451.049889174195	3	3	1
132400	-449.488029579544	4	1	3
132500	-449.580369564164	4	2	1
132600	-449.851584943809	4	2	1
132700	-453.806651553944	5	3	0
132800	-452.754853661114	4	1	2
132900	-449.110735625736	4	3	0
133000	-445.486843264363	5	2	0
133100	-445.655925580041	4	2	0
133200	-444.955069858479	4	3	2
133300	-440.098200596234	4	2	0
133400	-455.353656837992	6	1	0
133500	-457.028130103646	4	5	1
133600	-446.501447923132	4	2	0
133700	-459.817092426054	5	1	2
133800	-456.387722892059	3	4	3
133900	-449.355163000213	3	1	2
134000	-445.57670527578	3	3	1
134100	-446.213302554411	3	2	1
134200	-450.406051606731	4	2	2
134300	-455.05391964482	4	2	1
134400	-446.777167625822	4	2	0
134500	-452.888361798226	5	1	2
134600	-446.642287478679	4	1	0
134700	-449.490371588934	4	1	0
134800	-445.372409834403	4	2	0
134900	-455.446139932079	6	3	1
135000	-453.434081213143	4	3	1
135100	-450.817659981594	3	2	1
135200	-445.435522130004	4	4	1
135300	-449.487537052119	4	2	0
135400	-450.964222397079	4	2	0
135500	-451.60898334373	4	1	3
135600	-446.457114926031	3	3	1
135700	-449.672175948622	3	1	2
135800	-453.716560262657	3	2	1
135900	-449.32132269015	4	3	1
136000	-451.767139814209	5	1	0
136100	-455.472382571027	5	2	2
136200	-453.515787726215	5	3	0
136300	-452.730124597486	4	1	2
136400	-444.105261543798	4	1	0
136500	-457.704907188242	6	3	0
136600	-446.351335675031	4	1	0
136700	-453.828941645146	5	3	2
136800	-445.834923289825	4	2	1
136900	-448.079998615122	4	1	0
137000	-459.509842692871	5	2	2
137100	-441.749072119732	3	2	1
137200	-450.549749004611	3	2	2
137300	-442.552832516754	3	1	1
137400	-460.333893377442	6	1	2
137500	-449.565573000598	4	2	2
137600	-446.301102870327	3	4	3
137700	-455.038026983848	4	2	3
137800	-452.319963423141	4	1	2
137900	-456.140968839764	4	2	3
138000	-443.479389641062	3	2	2
138100	-452.40720778741	3	1	1
138200	-447.341195974976	4	4	1
138300	-453.258877203359	3	4	2
138400	-453.294256160511	5	2	2
138500	-450.787230689731	3	3	2
138600	-447.222235928711	3	1	3
138700	-446.999078509318	3	2	2
138800	-449.962160785121	4	4	2
138900	-441.333235878373	3	1	2
139000	-448.216643260963	4	2	3
139100	-460.605705826041	4	4	3
139200	-458.792649234534	4	2	5
139300	-454.246187289476	3	2	4
139400	-455.353193896741	3	6	3
139500	-452.583574680967	4	2	3
139600	-447.973568371295	3	3	1
139700	-447.546704204262	3	3	1
139800	-447.492799875146	3	2	2
139900	-460.08792200889	3	3	2
140000	-454.999134047949	2	3	2
140100	-449.603989729121	3	4	2
140200	-456.636317952978	2	1	3
140300	-456.953633733851	2	1	4
140400	-453.352478910604	2	1	3
140500	-440.148280419865	3	2	1
140600	-447.596853730246	3	3	1
140700	-443.818607252896	3	2	1
140800	-453.332858506224	4	4	1
140900	-447.317419295545	4	1	3
141000	-448.712416179418	3	2	4
141100	-440.902318690079	3	2	2
141200	-439.540012815812	3	3	1
141300	-446.161395333741	3	2	2
141400	-454.357029219252	3	2	1
141500	-456.174417343988	3	3	5
141600	-451.942392031308	4	1	3
141700	-446.940965658887	4	2	1
141800	-444.629062642181	4	1	1
141900	-448.797139178839	3	1	2
142000	-447.169197412011	3	3	1
142100	-454.462403980935	4	2	5
142200	-442.117455363149	3	1	1
142300	-444.752144935064	3	1	2
142400	-447.832065296032	5	2	2
142500	-447.495617713439	3	4	1
142600	-444.621771873034	3	2	2
142700	-454.039567096514	5	3	3
142800	-442.64116142743	3	2	2
142900	-439.777399076645	3	2	1
143000	-457.728200070567	5	3	2
143100	-446.9571841447	3	2	1
143200	-445.418784820634	3	2	2
143300	-439.100980682817	3	2	1
143400	-442.83004746187	3	3	1
143500	-447.08689296904	3	2	2
143600	-451.218139315865	4	2	2
143700	-440.610960988135	3	2	1
143800	-455.799089556277	3	1	3
143900	-448.437230086407	3	3	1
144000	-452.275100681975	4	2	2
144100	-450.931261813664	5	3	1
144200	-450.705363131072	5	2	1
144300	-449.041024652967	5	2	1
144400	-449.249129480822	5	1	1
144500	-453.818894213071	6	2	1
144600	-445.40563401151	4	2	0
144700	-446.839205886071	4	2	2
144800	-452.192836470839	5	1	1
144900	-451.04482983366	3	1	0
145000	-456.662024454217	4	3	1
145100	-454.642076264857	4	2	2
145200	-450.485830094039	3	3	2
145300	-454.941944829386	6	4	0
145400	-442.918227360715	4	2	1
145500	-445.199853513881	5	1	0
145600	-444.901163436658	4	2	1
145700	-455.024103717391	3	1	2
145800	-446.3930209597	3	1	1
145900	-458.883360303502	3	2	0
146000	-453.340660887115	4	1	0
146100	-453.175084857922	3	2	2
146200	-446.024216894001	4	2	1
146300	-454.302509290489	5	3	1
146400	-447.629118073647	4	4	0
146500	-455.570645657545	5	2	1
146600	-448.482754541484	4	4	0
146700	-453.758539196789	6	2	0
146800	-449.138013302608	3	2	0
146900	-454.479793460562	4	2	0
147000	-456.316521582486	4	2	2
147100	-451.866915184018	4	1	2
147200	-450.963441224591	4	2	0
147300	-441.732346794939	4	2	0
147400	-441.368967304517	4	3	0
147500	-449.516779631566	4	1	2
147600	-443.859288053251	4	3	1
147700	-446.547724723262	5	2	1
147800	-449.103373243314	3	1	1
147900	-451.600870785801	2	4	0
148000	-449.754357889153	5	3	1
148100	-449.040182823007	6	2	1
148200	-448.581195777859	5	3	1
148300	-446.728557652393	3	2	3
148400	-443.357480154377	4	1	0
148500	-439.995396437281	4	2	0
148600	-459.415690493663	5	1	1
148700	-451.565301692934	5	2	1
148800	-454.256484053077	5	1	2
148900	-448.545375021869	4	2	3
149000	-449.994799671086	4	2	1
149100	-445.14740750365	3	1	2
149200	-447.907835797025	3	2	1
149300	-449.328767278867	4	2	2
149400	-460.004678135457	4	6	1
149500	-453.679977189119	5	3	2
149600	-448.975475299826	4	2	1
149700	-449.385850366081	4	1	2
149800	-443.236327333276	4	2	1
149900	-447.586148842756	4	1	0
150000	-453.349674576767	4	1	3
150100	-454.499753363978	4	4	1
150200	-446.568259612426	4	2	0
150300	-449.555068659578	4	3	1
150400	-453.775381959155	4	2	1
150500	-444.818514122208	4	1	0
150600	-453.647389239473	6	1	1
150700	-447.145218194433	5	3	0
150800	-450.154944888956	4	3	2
150900	-443.415659113584	4	1	1
151000	-447.236964203732	6	2	0
151100	-442.153371614963	4	3	0
151200	-452.299590107109	5	1	1
151300	-457.897475635318	6	3	2
151400	-453.195806546544	4	3	1
151500	-454.078641720566	4	1	0
151600	-453.356152169749	4	1	2
151700	-455.138160675054	3	3	1
151800	-467.05468923039	5	5	1
151900	-447.645683665934	3	1	3
152000	-449.433145599877	4	3	0
152100	-449.018598056542	4	2	0
152200	-443.106756014924	4	2	0
152300	-451.798703408019	5	2	2
152400	-446.18130794102	4	2	0
152500	-446.337188549305	5	2	1
152600	-447.422543249959	4	1	0
152700	-452.120794841103	4	4	2
152800	-450.930453614991	4	2	2
152900	-455.492207159195	4	1	1
153000	-448.985565240802	4	1	0
153100	-445.901929830917	3	2	1
153200	-449.648209977986	5	1	0
153300	-447.980911155497	4	1	0
153400	-454.485394673516	4	4	0
153500	-457.932233817609	5	2	0
153600	-446.844285732291	4	1	0
153700	-448.348474406573	4	2	0
153800	-453.256081657692	5	3	2
153900	-443.645065662987	4	2	0
154000	-447.376991837746	4	1	1
154100	-457.732562331288	5	3	2
154200	-447.02345890852	5	2	1
154300	-449.153783889798	5	1	0
154400	-450.84601533342	4	2	0
154500	-457.389216663505	6	1	0
154600	-451.522958472742	3	4	0
154700	-450.811200529555	3	2	1
154800	-458.628532164827	6	1	0
154900	-444.381373793816	4	2	0
155000	-457.225896677948	5	1	1
155100	-444.19889096223	4	2	0
155200	-444.553050604302	4	1	1
155300	-447.436322078094	5	3	1
155400	-444.407190764218	4	1	0
155500	-445.915889559919	4	1	2
155600	-448.330109788346	4	1	1
155700	-441.076241143868	4	3	0
155800	-446.294864598103	4	2	1
155900	-450.527401902268	4	3	2
156000	-453.019136867838	3	3	3
156100	-446.908033044437	3	2	2
156200	-449.603929785276	3	4	2
156300	-452.445892934922	2	1	3
156400	-450.31821517609	2	2	1
156500	-454.239551405417	3	2	4
156600	-451.305619390218	2	1	3
156700	-453.760697582527	3	4	3
156800	-445.246340121621	2	2	2
156900	-442.398565752375	2	3	1
157000	-445.061460908894	2	2	1
157100	-449.281379606748	3	1	2
157200	-448.06200753183	4	2	2
157300	-453.54064280825	3	2	5
157400	-449.924231070856	3	3	2
157500	-446.951127741304	2	2	1
157600	-450.877124953631	2	4	1
157700	-451.222887005568	2	3	1
157800	-452.227786831855	5	1	2
157900	-440.006863671898	3	2	1
158000	-452.842317647997	4	1	3
158100	-445.721356592409	3	1	1
158200	-453.366934831953	4	3	1
158300	-444.869942373219	3	1	2
158400	-449.219816992197	4	2	2
158500	-456.949387496761	4	1	2
158600	-451.267978391548	3	1	2
158700	-442.761495531976	3	2	1
158800	-449.400163700627	4	3	1
158900	-449.073740269286	2	1	3
159000	-444.67757417103	2	3	1
159100	-455.153252543797	2	3	1
159200	-453.999675109336	2	2	2
159300	-453.170530716746	3	2	3
159400	-452.387310961687	4	1	2
159500	-453.909703882803	3	3	3
159600	-439.848733037424	3	2	1
159700	-440.832695043504	3	2	2
159800	-442.813371243779	3	2	2
159900	-441.547498135831	3	1	2
160000	-442.013277578903	4	1	1
160100	-448.933045373605	3	2	2
160200	-449.233394949014	3	1	2
160300	-452.054391102134	3	1	3
160400	-451.252109261645	3	1	2
160500	-444.486890143898	3	2	1
160600	-456.728938645657	6	2	2
160700	-448.021147794337	3	2	3
160800	-443.180036673427	3	1	2
160900	-447.113944444838	3	1	3
161000	-450.226682999016	4	2	3
161100	-451.155742618475	3	1	3
161200	-448.862808194446	3	4	1
161300	-451.855397486262	4	5	1
161400	-445.900219616411	3	2	1
161500	-459.661923438586	5	2	2
161600	-457.375261931545	4	3	6
161700	-443.554287714288	3	3	1
161800	-444.833369886567	3	2	1
161900	-451.097343745537	3	4	2
162000	-448.226552589187	4	2	2
162100	-453.780958937648	3	2	4
162200	-450.185917649931	4	2	3
162300	-446.680335509704	4	1	2
162400	-446.52927227333	4	1	1
162500	-447.951680063787	3	1	1
162600	-445.016480200966	3	1	2
162700	-444.844207288834	3	1	2
162800	-446.219107302534	3	1	2
162900	-444.773507669287	3	4	1
163000	-455.751235989828	5	2	2
163100	-452.01153462518	4	2	0
163200	-457.268482583945	4	3	0
163300	-458.582489354553	4	3	0
163400	-443.354738007709	3	2	1
163500	-439.483447562616	3	2	1
163600	-452.78183663076	4	4	3
163700	-446.812770233239	3	2	2
163800	-442.416215908082	3	2	2
163900	-446.950442397387	3	1	2
164000	-450.019203466896	3	4	0
164100	-450.784349019175	4	3	1
164200	-449.313939089704	4	5	1
164300	-453.021696827544	3	2	2
164400	-453.602989793855	3	1	4
164500	-462.125813326976	4	1	6
164600	-447.578131298779	5	1	0
164700	-457.527857863578	5	3	2
164800	-455.555618429854	7	1	1
164900	-455.434533417318	4	2	2
165000	-445.718264843374	2	1	3
165100	-447.566091077631	3	2	2
165200	-445.351656257685	3	2	2
165300	-449.539653914377	3	1	3
165400	-453.694284399371	4	2	3
165500	-439.49233886789	3	2	1
165600	-440.333623455729	4	2	1
165700	-451.096064748147	4	3	3
165800	-448.849511303191	4	2	2
165900	-449.11331161479	3	2	2
166000	-442.795778922359	3	2	1
166100	-446.111773105445	5	1	1
166200	-448.51309553455	4	2	2
166300	-453.438618063166	5	1	3
166400	-453.074632019401	4	1	0
166500	-455.336511946419	6	1	0
166600	-448.914172493259	4	1	2
166700	-450.863083104122	4	3	3
166800	-443.943486165452	3	3	1
166900	-444.863478998001	3	3	1
167000	-443.916404210692	3	4	1
167100	-448.81920220405	4	3	1
167200	-460.169118443441	4	5	2
167300	-455.769102961192	5	2	2
167400	-449.873309523124	3	1	2
167500	-450.434689229574	3	4	2
167600	-445.166447589849	4	1	1
167700	-451.215817514686	4	1	2
167800	-448.776133493108	3	3	1
167900	-449.822237898547	3	6	1
168000	-447.294590854353	3	1	2
168100	-449.781530748448	5	2	2
168200	-445.791595765993	4	1	1
168300	-445.656870386585	3	1	1
168400	-451.943012757243	3	3	2
168500	-452.711054102011	4	2	3
168600	-453.582701244583	4	2	1
168700	-443.542944965095	3	1	1
168800	-445.423571945204	4	1	1
168900	-447.948057739671	4	2	2
169000	-448.14023157931	4	2	1
169100	-443.332763702143	3	1	2
169200	-444.245585077739	3	1	2
169300	-463.799796039805	6	1	4
169400	-444.941185045553	3	2	3
169500	-453.809676343165	3	1	3
169600	-461.223590228404	4	4	2
169700	-446.932646975251	3	1	1
169800	-448.323989977377	3	2	4
169900	-443.555883554403	4	2	1
170000	-456.952829985645	7	3	0
170100	-452.466372994072	5	1	0
170200	-451.356241159137	6	4	1
170300	-444.066915547468	4	1	1
170400	-442.127198712393	4	2	0
170500	-441.577226100743	4	2	0
170600	-452.921048152025	5	1	2
170700	-443.381822818981	4	1	1
170800	-447.581416616	3	1	1
170900	-443.467878548981	3	2	0
171000	-446.752278020714	2	2	1
171100	-450.151622358365	2	2	3
171200	-471.049142998641	5	3	5
171300	-449.287277193436	2	2	2
171400	-449.748025308575	4	4	1
171500	-446.992572967134	3	3	1
171600	-449.957892871971	4	1	3
171700	-443.18543986825	3	3	1
171800	-446.75230345421	4	1	1
171900	-449.38843815493	3	4	2
172000	-447.409948710191	3	2	1
172100	-458.086772182554	3	4	2
172200	-449.62625534143	3	1	1
172300	-446.238144774597	4	1	1
172400	-456.304140321976	4	2	1
172500	-448.677376168104	4	2	1
172600	-443.737890120081	3	1	2
172700	-448.96670733606	3	2	3
172800	-447.732281452434	3	1	2
172900	-448.63782251647	5	1	2
173000	-446.626862895147	3	3	2
173100	-448.177104092738	4	2	1
173200	-452.134194742029	4	4	1
173300	-460.85574809103	4	4	2
173400	-441.657840146082	3	2	2
173500	-449.358057909726	3	1	2
173600	-446.326699528542	4	2	1
173700	-462.060770063135	7	3	2
173800	-449.454124443086	4	1	0
173900	-444.202982441396	4	3	2
174000	-448.261462373823	4	1	1
174100	-450.409364138884	4	3	1
174200	-456.254123210671	7	3	0
174300	-450.332925698919	5	2	0
174400	-458.07772988402	5	2	0
174500	-452.466884476902	4	3	2
174600	-449.784649563681	4	3	2
174700	-448.55834956581	3	2	3
174800	-440.316237641728	3	2	1
174900	-446.784591781355	4	3	1
175000	-439.465605237404	3	3	2
175100	-459.499180282582	5	2	2
175200	-446.786258093726	3	2	1
175300	-447.781550864637	4	1	3
175400	-441.785991390668	3	1	1
175500	-453.670545409634	4	2	2
175600	-445.738000117426	4	1	2
175700	-444.633473162113	4	1	1
175800	-448.998812980704	3	1	3
175900	-448.158502408874	3	1	3
176000	-444.330993090954	3	2	1
176100	-450.614691358578	3	2	1
176200	-441.182818836014	3	2	1
176300	-446.597630668342	5	2	2
176400	-459.711363996365	4	3	2
176500	-448.850066656147	4	2	3
176600	-445.613387052744	4	2	1
176700	-443.747031928772	3	1	1
176800	-446.597151962796	4	1	1
176900	-449.748830771749	3	3	2
177000	-449.354458025883	5	1	2
177100	-453.212641306986	4	1	2
177200	-440.190412977742	3	2	1
177300	-449.451452892671	4	2	2
177400	-445.669320065443	4	2	0
177500	-464.12110038312	2	3	3
177600	-441.427298893687	3	1	1
177700	-448.372173938873	3	2	1
177800	-441.004291460396	4	4	1
177900	-456.329047831674	4	1	4
178000	-448.484079142194	4	1	1
178100	-447.793538741614	4	2	1
178200	-444.063886126072	3	1	2
178300	-451.545518034869	4	1	3
178400	-446.298564606265	3	3	3
178500	-450.467366458498	4	2	1
178600	-447.833213139349	3	1	2
178700	-447.942642403638	3	1	3
178800	-446.20028596908	4	1	1
178900	-449.174372285694	4	1	2
179000	-449.809447042495	5	3	1
179100	-444.075247128026	3	3	2
179200	-445.923680052793	3	4	2
179300	-445.544024058465	3	2	2
179400	-443.934605769233	3	1	2
179500	-444.534423009676	3	3	2
179600	-449.552586661788	2	2	1
179700	-466.236393738201	3	4	4
179800	-449.175663610957	2	2	1
179900	-450.658931769089	2	2	1
180000	-447.058838507092	2	2	1
180100	-459.857742876534	3	3	3
180200	-464.647976733888	6	2	2
180300	-455.848981461037	4	2	2
180400	-453.282125000631	5	2	1
180500	-447.061363729888	4	2	1
180600	-455.821308770338	5	3	0
180700	-453.784948081972	5	4	0
180800	-444.208439518484	4	3	0
180900	-451.841495318653	6	3	0
181000	-449.005091360674	4	3	1
181100	-459.686265240676	5	2	1
181200	-452.30769652672	4	1	2
181300	-446.73090922962	5	3	0
181400	-443.724391165901	4	1	1
181500	-450.197522685236	5	3	0
181600	-443.192632675124	4	2	0
181700	-445.990987809813	4	2	1
181800	-452.091860157462	4	1	1
181900	-456.491774467875	6	1	0
182000	-456.82297796901	6	1	2
182100	-451.708251053624	4	3	1
182200	-456.84918897311	4	2	2
182300	-446.51727792223	4	2	1
182400	-454.040684484084	6	2	1
182500	-459.976223385817	4	7	1
182600	-449.301253431165	4	2	3
182700	-456.050368585425	6	3	0
182800	-454.618009923588	3	2	4
182900	-447.685417589778	3	3	3
183000	-445.514037743951	3	1	0
183100	-447.736927762801	4	4	1
183200	-446.516148484011	4	1	0
183300	-457.377721777114	4	4	1
183400	-454.011771674419	4	1	1
183500	-450.054481120072	2	1	0
183600	-457.658309045825	3	6	1
183700	-442.442668288907	2	3	1
183800	-445.625669424667	2	2	1
183900	-446.860136937736	2	3	1
184000	-445.62777912511	2	3	2
184100	-445.146991811319	2	2	1
184200	-451.147870569327	2	2	3
184300	-443.48827802839	4	2	1
184400	-448.56150107946	3	2	2
184500	-445.768273494382	3	1	3
184600	-449.96328022089	5	2	1
184700	-444.54820984973	4	3	1
184800	-458.087024626429	4	4	2
184900	-443.420646255016	3	2	1
185000	-439.238514417193	3	2	1
185100	-448.469533195499	3	2	3
185200	-454.254167907647	5	4	3
185300	-455.02037595404	6	1	2
185400	-453.489883844732	5	1	3
185500	-441.02890051037	3	1	1
185600	-456.899845408879	5	3	1
185700	-449.511340418348	4	3	2
185800	-445.287361306208	3	2	1
185900	-442.499501052939	3	2	1
186000	-447.99874837584	3	1	1
186100	-443.230667905972	4	1	1
186200	-447.907784975508	3	1	1
186300	-458.769453580002	7	3	1
186400	-448.15661700591	3	3	1
186500	-445.865799398269	3	2	1
186600	-448.807749638952	3	4	2
186700	-444.147813893537	3	1	1
186800	-444.602535627169	3	1	2
186900	-451.760200881517	3	3	3
187000	-453.876250619422	5	2	2
187100	-450.214781895969	3	2	2
187200	-448.356686601006	4	1	2
187300	-446.612194432199	3	2	3
187400	-442.248021311974	3	3	1
187500	-450.418726797176	4	1	1
187600	-441.811447273909	4	2	0
187700	-450.601267684789	5	3	0
187800	-453.144477896217	3	3	2
187900	-449.696686698874	4	1	2
188000	-460.914282527444	4	2	4
188100	-449.869176833284	3	2	3
188200	-449.651336674029	3	2	2
188300	-440.449341765728	4	2	1
188400	-444.194375130892	4	2	1
188500	-450.355700621141	3	3	2
188600	-439.746375123065	3	1	2
188700	-443.750680747792	3	2	1
188800	-444.24578159665	3	1	2
188900	-450.709957328028	6	3	1
189000	-454.930463819755	4	1	3
189100	-442.588986041158	3	2	1
189200	-447.911216514523	3	1	2
189300	-446.366827331878	3	1	2
189400	-448.203262631982	3	2	2
189500	-454.858205118753	6	3	1
189600	-449.775877592974	4	1	1
189700	-439.135666041993	3	1	1
189800	-455.517938043317	4	1	5
189900	-450.543691102279	4	1	2
190000	-458.980260021333	4	2	2
190100	-448.778468201379	3	1	2
190200	-441.056611888189	3	1	1
190300	-453.598693254328	3	3	2
190400	-446.280618875432	3	1	1
190500	-448.769495449734	3	2	3
190600	-440.969455903386	3	2	1
190700	-457.874191886305	4	2	4
190800	-449.692096957274	3	1	3
190900	-439.007480161012	3	1	1
191000	-439.280354175127	3	2	1
191100	-447.394650408315	4	1	1
191200	-446.758510770615	4	1	0
191300	-447.054321742371	4	1	3
191400	-444.525029614523	4	3	1
191500	-442.686372493586	4	1	0
191600	-445.115477489759	5	2	1
191700	-444.991568766599	4	3	1
191800	-454.255806328779	6	1	0
191900	-448.709735362893	5	1	0
192000	-453.39537562458	5	3	0
192100	-450.165013844519	4	1	2
192200	-456.88836941965	4	4	3
192300	-447.287849738233	3	1	3
192400	-458.929197224657	4	2	3
192500	-455.993933491146	2	2	2
192600	-449.442831779068	2	1	1
192700	-448.813154369671	3	1	1
192800	-449.325586170084	3	2	3
192900	-449.590628737726	3	2	2
193000	-450.280971725885	4	2	0
193100	-453.271275834644	5	2	0
193200	-449.160351737091	5	1	0
193300	-454.21598363771	4	3	0
193400	-452.79304105272	3	1	3
193500	-446.743207116092	3	2	0
193600	-446.253433083882	3	2	3
193700	-443.997060581376	3	2	1
193800	-443.573692531495	3	2	1
193900	-454.905948497048	4	2	1
194000	-452.995534918015	4	1	3
194100	-450.653904125104	3	2	2
194200	-442.759446125749	4	1	0
194300	-447.689685862234	4	2	0
194400	-453.269601032317	4	2	2
194500	-447.899468606414	3	3	1
194600	-445.387169743603	3	2	0
194700	-448.288301282708	4	1	2
194800	-446.392945911014	4	1	1
194900	-448.157926265418	3	1	2
195000	-441.058448332401	3	1	1
195100	-441.268362035965	3	2	1
195200	-451.2268591024	4	1	2
195300	-451.862932726997	3	2	3
195400	-453.615089284557	2	5	2
195500	-449.873610350633	2	3	3
195600	-453.968705434358	2	5	2
195700	-451.002193195057	2	2	4
195800	-446.690055007765	2	3	3
195900	-453.130254840519	2	1	4
196000	-455.605493889632	2	4	1
196100	-450.312260478596	3	1	3
196200	-448.864456997859	4	1	1
196300	-452.0237590562	3	3	2
196400	-448.624314203895	4	3	2
196500	-450.366462750036	4	1	2
196600	-447.529235191129	4	1	1
196700	-453.819244055582	3	2	2
196800	-445.467423850693	3	2	2
196900	-453.320282037547	5	4	2
197000	-456.340293576537	4	2	3
197100	-449.781411761271	4	1	3
197200	-450.061758134168	5	1	1
197300	-461.124671131527	4	2	2
197400	-453.851607182633	3	4	3
197500	-448.682637579671	3	1	2
197600	-449.065509077124	3	3	3
197700	-443.736403565355	3	1	1
197800	-441.841793963221	3	1	1
197900	-450.175962263462	4	2	1
198000	-454.029732128328	6	2	0
198100	-447.610310243587	4	2	2
198200	-450.0012173107	5	3	0
198300	-445.883415886368	5	1	0
198400	-450.330831479392	5	2	1
198500	-456.509568246129	5	2	1
198600	-457.501837528777	6	1	0
198700	-446.688074268205	4	5	0
198800	-449.121319737372	5	1	0
198900	-448.808476680903	3	3	0
199000	-456.47183504713	4	1	3
199100	-452.336541556002	4	1	0
199200	-454.852632407859	3	1	2
199300	-456.338029665482	4	1	1
199400	-461.745679645987	4	1	3
199500	-466.02774298224	5	3	3
199600	-452.695319304822	3	2	1
199700	-462.152680489911	4	1	2
199800	-459.240217285049	4	1	1
199900	-459.407659892235	5	1	1
2e+05	-453.598494765789	3	1	2
