SpeciationRateChanges
29.71967	20.41372
29.69366	22.25976	4.095665	3.256092
29.65245	14.45483
29.69376	15.93764	9.533091
29.65386	18.31771	10.86918	4.436082
29.65386	19.11137
29.69933	15.96696	31.48427	6.330822
29.6898	17.75282
29.72889	19.86917	28.66472	5.722718
29.63671	18.36736
29.63671	15.28078
29.65375	15.82811	28.30197	9.021335
29.6445	16.16447
29.73327	19.5931
29.71919	18.68179
29.69272	16.81852
17.69368	29.84811
15.76411	29.88389	27.26398	24.71025
16.88257	29.88841	28.51232
17.69152	29.68292	28.57206
19.04901	29.85803	28.57959	15.37907
30.03045	28.55621
29.64608	28.5386	17.98908	11.82697
29.65182	28.5386	16.30566
29.67114	28.54757	19.78131	17.45683	1.073445
29.88323	28.61832	19.16598	4.705746	15.53224	3.589469
29.17763	19.87242
28.94094	18.5816
28.84774	19.07453
28.55201	14.50205	11.69159
28.66298	14.26119
29.94074	16.16444	28.75764
30.00434	13.84601	28.4757	31.01918
29.63556	15.04326	3.51977
29.63556	16.59786	7.218481	0.3898886
29.63556	16.05791
29.66281	12.91265	27.42016
29.64359	26.96763	19.69378
29.64359	27.16105	18.2897
29.65451	27.15563	15.38383	0.04097418
29.71023	18.83743	28.17582
29.64798	17.8246	28.98795
29.64798	19.58523	29.61906	28.70741	17.02622
29.64798	22.25245	27.32527
29.69197	28.20436
29.86759	27.39293
29.66425	28.42632	1.60291
29.64311	0.7339399
29.63697	26.64744	20.76406
29.63697	28.5641	21.94288
29.63697	21.29931	27.25455	18.62172
29.63697	22.33074	24.16215
29.63697	22.22642	24.39915	13.03493
29.63697	21.55888	27.06977
29.63697	26.23133
29.69307	27.30687
29.85001	27.07158
30.0765	27.31801	17.99305	6.661941
29.69872	19.78177	27.38364
29.87346	18.72306	27.30445
29.72929	28.53761	15.05231
29.68442	28.49969	18.88613
30.09166	28.56879	17.17434
30.05383	28.7202	15.98637	4.059238	31.39414
28.55826	14.6965
28.61938	14.56953
29.8518	15.66272	28.5203
29.65892	15.81547	28.4917	14.37855
20.21374	28.89999
18.07448	29.91695	28.63353
29.72302	28.5772
28.54482	21.21046
28.28728	29.54595
28.62128	29.89992
29.6676	27.33018	24.26714	22.86705
29.85172	24.42739	29.56839	27.70699	31.15226
29.63897	24.30769
29.6415	27.31107
29.63953	27.22328
29.66811
29.96711	29.43755	28.6051
29.66127	16.65736	27.64412	3.567749
29.78365	16.24454	27.17079
29.87746	18.93954	28.53705
28.66979
29.21433
29.66339	18.62211	28.55025
29.64335	18.5643	3.793565	0.1850296
29.64335	18.94593	13.68895
29.73698	15.83098
18.48495	29.66116
19.0482	29.64979
20.93111	29.87127
21.05412	29.91827
21.03607	29.66924
20.51893	29.63628	3.696225	15.9634	19.71716	4.577792
22.80563	29.65818
21.15255	29.64519
18.24136	29.99986
19.9223	29.99561	1.713112	12.80649
14.47666	29.69977
15.67457	29.68825	29.07972	30.96498
14.60472	29.65598	21.1382
21.55518	29.89972
29.70119	13.56046	0.3149301
29.74907	10.29728
29.75109	8.693219
29.85975	17.41452	28.56706
29.70536	15.92947
30.69139	13.95416	28.51779
30.05312	18.76324	28.59214
29.70971	18.50487	28.5185	15.24663
29.66408	19.30338	28.6575	18.01575
29.55638	23.87	18.56295	24.09903	1.834485
29.63752	27.27839	18.28895	8.872864
29.63752	25.55317	18.93737	11.71878	5.535626
30.05307	24.3748	19.91291	27.4127	1.406488	16.1203
29.74199	18.88599	27.2636
29.81655	19.13614	28.83242	21.91829
29.70445	28.58653	18.08083
25.49904	17.04428	29.64581
17.20355	29.64423	0.7093527	16.27875	28.52661
29.68127	28.55907	19.63313	13.65393	1.666636
29.87884	28.32267	18.56423
30.00365	28.59669	16.02747
30.00707	15.63229	28.3132
29.70818	16.32278	27.37553
18.52401	28.45693	29.69139	16.78532
16.82482	29.98054	28.63832	3.468246
19.51391	29.70892	28.54922	1.967208	6.545211
18.21616	29.70015	28.51428
17.71359	29.83055	28.65362	22.10765	6.054042	15.56533
29.63811	17.12824	27.17928
29.67725	28.5754
28.50485
29.63498	28.71523
29.64911	2.056927
29.65538	28.66487
29.67911	5.187156
29.84462	7.418389
29.65389	12.42232
29.66386
29.64208	27.13824
29.64208	27.41505	15.6183	8.353341
29.66335	28.50483	20.13474	13.59027
29.83367	28.5985	19.26659	11.79589	11.63656
29.64745	19.02017	15.75276	9.998204	4.192716
29.67965	18.56134	12.14141
29.66778	18.03002	1.810208
29.64978	15.49061
29.72421	18.48783	18.42795
29.68387	20.7502	10.38632	30.7507
16.17826	29.64092
18.82628	29.70332	2.237484
16.9793	29.65564	27.36433
19.21629	30.07007	28.56532
18.44255	29.92413	28.56752	0.9527495
16.27596	29.65262	0.06895552	27.2916
16.34633	29.65262	1.139389	27.69425
16.23416	0.6574771	27.6554	29.64609	15.9258
30.74355	28.61214	14.03885
29.66945	27.5358	15.5625	0.6668049
29.64882	27.23201	18.28712	5.501708
29.67868	27.13539	21.55406
29.75549	27.67539	21.40789
29.64342	20.28493	17.0741	28.43634	19.61023
29.64342	27.49415	14.66027
29.6551	12.67271
28.6753	16.90826	30.08145	13.39366
27.36869	16.45645	29.66914	2.941681
28.58761	29.88966
28.51226	29.73214
29.91105	27.30458	29.21057
28.58998	29.78426
28.72727	29.64718	16.8228
29.64718
30.0616	28.53262
30.04511	28.44919
29.96545	27.90686
29.91049	28.71902	19.35171
29.60568	28.62809	14.8925
29.65328	27.41444	16.73123	5.468182
29.63655	27.32896	16.0511	2.925274
29.22337	27.1306	18.02683	14.69788
29.75067	16.09795	27.71794
29.63777	18.59196	28.61446	28.88816
29.65195	18.87882	28.62915	19.7648
30.46267	28.60624	16.15495	1.742133
29.65695	28.7327	14.39813
29.67564	14.33295
29.63565	16.3468	28.2768
30.1399	15.49476	28.54433
29.67945	28.51878	14.28008	11.49332
29.97546	28.55236	21.74979
30.01663	28.55236	19.09921	10.01742
29.82467	28.63669	13.17339	9.113641
29.89014	28.66858	16.56274	31.2972
29.69519	28.54796	14.65994	8.982568
29.66616	28.61513	16.45706
29.48997	14.52791
28.60025	16.4116	29.62375	8.831093
28.30828	14.349	30.01103	2.513415
28.31844	14.51359	29.64929	7.661273
16.57376	29.64929	16.44402
16.24512	29.8392	27.40089	0.7924609
14.36413	30.00012	27.54546
15.13227	29.64208	25.03255	5.355321
29.64833	27.39703	14.47222
27.50931	13.92459	9.325983	29.75149
28.5496	14.37734	30.05828
28.5986	17.80948	29.68657
28.44892	19.33498	29.87215
27.17714	21.60278	29.64291	13.57246
27.34724	30.12562	15.77367
27.1545	29.65424	19.31531
28.53447	29.63855	16.90359
29.63855	19.34276	28.02787	27.78208
29.63855	21.32023	27.18123	14.81586
29.69058	18.57884	27.61258	24.93746
29.66195	16.10635	1.688328	5.010361	27.51003
29.70882	19.7172	27.45675	15.99987
19.48173	27.28319	29.64888	5.149273
16.30538	28.67292	29.6978	2.640312	0.9524859
16.52891	28.54159	30.24828
28.57048	29.54872	15.59178
29.71626	16.15709	27.13088	4.706042
29.68289	13.25479	27.3211
29.68711	17.16914	27.40894	8.721553	5.814772	5.793329
29.66632	10.65235
28.5464	31.33063
29.7474	27.27462	6.826982
30.08872	28.51907
29.68588
29.89806
29.85957
29.689
29.6454
29.74342
29.67134	21.10836
29.66771	20.68845	0.1278564	11.29625
29.66771	19.25879	2.620114
29.69531	17.13822	10.18249
29.72319	15.61766
29.79105	17.3008	15.90621
29.6942	11.42976
29.64137	13.1533
29.66855	16.18881
29.66564	19.13515
30.03467	18.86708
29.72647	20.30943	1.357731	0.4135985
29.78741	19.80748	5.169938	0.4952871	3.146838
29.67326	12.30613
30.90986	13.59705	28.94345
28.56898	16.65626
28.53526	21.00115	30.83019
28.61362	29.74268
30.07437	28.63543
28.62997	30.11206
29.64312
30.03946	28.69823	16.51025	4.507347
29.86005	25.47647	15.61749
29.63847	27.76222	19.85262	4.646525
30.07577	28.80609	19.23793	18.7082
29.65174	14.69407	28.77352	9.424787
29.92242	13.84229	28.47892	5.339974
29.84993	16.02205	28.61173
29.91069	16.43259	28.52511
29.6575	28.56214
29.7112	28.64095
30.08724	28.55253	15.98828
29.67747	12.17073	28.55005
29.88459	28.79816
29.84692	29.00205
29.64068	27.53313
29.77298	28.59559
30.00097	28.45608
29.64996	27.14197
29.74623	27.02876	18.68721
30.24806	17.69682	28.97173
19.35644	29.72312	28.6344	3.839672	5.710069	2.448327	12.10645
20.3478	29.71881	27.64581
29.65176	28.4925
29.93222	28.49786
29.74542	27.33326	13.03344
29.70051	15.10544	28.51501
29.65987	14.24175	27.90324	9.056799	13.04599
29.83849	15.77811	26.90521
30.01021	19.28965	27.13342	6.569993	10.43689	29.73373
29.66687	19.28396	27.39422
29.69087	16.22967	27.18708
29.66306	16.15378	26.75398
29.69175	19.38103	26.78965
29.66911	19.18824	27.2667
16.06289	29.65422	27.73603
19.38075	29.63965	27.5599
21.79316	29.82767	27.4523
19.90452	26.60137	29.63621	30.65596
18.86087	27.37294	29.96754
17.88887	28.66862	29.83828	6.368503	13.43677
19.88098	29.63694	10.46774
18.5434	30.00219
18.941	29.6937
18.38388	29.69237	22.08634
14.54215	29.71058
22.74163	29.63732	16.31203	7.023185	31.39194
18.81576	29.63732
18.94761	29.63732	8.341414
29.63732	16.26907
29.87792	19.55624	5.075681
29.74035	16.34731	2.073579
29.68019	17.14262	5.756405	9.783841
29.67867	15.34468	9.048801
29.79681	17.05897
29.87467	18.89521	26.19108
29.63848	14.21458
29.67629	19.3413	18.42884
29.65782	18.84182
29.69227	18.20222	13.0807
29.70412	19.31475
29.65957	15.75378
29.72218	16.17391
29.76187	16.77769	0.9520243
29.70353	15.562
29.67281	13.54491
29.70074	16.17851	1.07916
29.69665	17.50002	29.97824
29.69431	18.9291
29.91443	19.33046
29.86347	20.76911	16.88927
29.64725	16.04443
29.6999	19.33194
29.83963	19.71836	3.763601
29.85798	18.24336	1.570484	28.54612
29.70492	19.74887	28.74441	9.523438	4.453404	19.46612
29.84029	16.77876	28.5055
29.65992
29.74234	28.83918	21.79878
29.87842	27.7966	21.55498	27.46798
29.64479	28.81249	1.749411
29.65323	27.79147
29.86435	26.9907
28.71457	29.63421
28.884	29.70929
28.53998	29.65856
29.63688	28.52519
29.67149
30.01511	28.5837
29.64188	27.15298	16.34305
29.70444	27.49414	17.18719	0.9584082
27.33543	16.17207	30.07092	2.372168
18.68586	29.69785	28.71766
16.77337	29.66932	27.48801	4.44804	7.061207
19.21119	29.99428	27.46246
21.22823	29.83031	26.62256	19.85391
20.75687	29.85855
19.73041	29.87259	27.76677
22.61113	29.65308	27.17491	28.24127
29.66664	27.12925	18.80817
29.69882	25.51096	16.33964
1.301656	29.73911	29.84718
1.31222	30.06468	28.59199
2.277771	29.91012	28.59962
0.4212684	29.64448	28.54722
0.09103359	29.63896	28.55949
29.66472	27.69427
29.67336	27.6104
29.67067	28.54862	9.598431
30.20465	28.58412
30.27843	28.54164	20.10414	24.31459
29.64151	18.90339	24.4824	17.19041
29.9132	16.3398	27.41415	28.77824
30.00069	16.69094	28.80912	24.46938	12.24217
29.70795	16.86321	28.65407
28.85033	12.51909	29.65981
28.54329	18.13907
28.53098	18.89887	8.4572
28.17081	15.9442	30.35695
27.17973	29.65228	16.80287	3.785082	17.22297
28.94195	15.66328
28.64771	16.79476
29.27109	19.29647
29.66439	13.84225
29.63511	9.696768
29.63511	15.19929
29.66756	15.93127
30.08925	16.16415	28.8906
29.86247	18.83819	18.14611
29.64804	18.48394	9.914315	16.86226	11.45022
29.64804	20.38617
30.21248	21.34326	28.81184
29.63866	21.01709	28.7866
19.31489	28.62249	30.06476
19.89325	28.55625	29.77909
29.66812	15.87247
29.66812	19.8757	3.354807	23.33924
29.71506	22.04966
29.75306	19.11872	6.722017
29.68214	18.32662	0.7037684	28.4362
29.66835	18.23216	28.74183
29.29922	16.75772	15.38759
29.63705	16.54855	10.00786	9.393411
29.67757	16.77316
29.08174	21.1953
29.91408	19.74669	28.5313
29.77174	28.55026	13.95325
29.97038	28.6844	13.20657
29.76343	12.98973	28.64866
29.63881	19.91632	29.07147
29.82987	18.45317
29.90214	18.60395
30.03737	18.55891
30.01018	19.18179
29.69195	19.1791
30.01999	18.54285	6.628616	14.57181
16.95494	30.0018
18.14673	29.77868
22.30665	29.69609	7.709856
17.49545	30.02786
18.50772	29.65902
21.74031	29.69602	31.35519	19.99605
21.11045	29.66247	14.55125
15.54472	29.74236	13.83627	9.073357
16.20706	29.65978	7.245068
11.79633	29.68372	29.05499
29.6969	28.69705	29.13441
29.8114	28.5362	19.35828	8.972941	29.19879	3.150093
29.92225	28.5362	19.32284
29.65769	27.36604	13.12452
29.6581	27.22368	14.2422
29.68798	26.84411	13.81767
28.53905	19.10715
29.84976	18.6172	28.62924	16.88122
13.08045	28.60731
18.28305	28.80186	30.51
17.64441	29.65157	27.04456
29.26545	30.31422
28.56377
28.69881	30.01406
28.66994	29.84232
29.2262	6.506245	30.19817
8.099049	29.71846	27.45538
14.67003	29.66285	28.54184	12.1371
15.29411	30.10042	28.52674
14.68486	29.63501	28.05984	2.039652
16.2264	29.7096	25.80959	9.657509
18.88925	26.7291	29.70021
20.87376	29.8524	25.75172
19.79701	29.84111	25.08709	15.65356
18.67339	29.8239	25.83166
29.63617	19.15108	27.34831	30.09336
29.64428	19.25463	27.30191
30.00804	15.88895	28.65515
29.66205	14.4069	28.60251
29.84364	27.59903	16.26266
29.66469	19.42966
29.65742	16.68831	12.95458
29.63455	16.26901
29.70063	17.69786	16.72237
29.90483	19.78163
29.64985	18.96073
29.68614	16.03554	27.26192
29.65896	18.96973
29.64111	19.42936	19.31721
29.7374	21.43663
29.84816	15.88444	15.73666
29.71501	14.42689	3.807844
29.67117	16.18308	9.820775
29.70117	17.04882	8.603757
29.65228	18.84201
29.65228	15.84995	3.64059	1.329419
29.63787	19.49184
21.78806	29.64794	0.3471996
19.8008	29.65056
19.00286	29.64675
19.27239	29.70746
21.15739	29.65105
19.22345	29.65105
18.66221	29.66097	8.02488
19.82459	29.66668	17.67504
29.6475	20.42769
29.63739	16.7418
29.63739	19.65354	1.741884
29.4933	21.19204
29.67169	16.26947
29.64913	17.93239
29.73389	16.71718	27.47705
29.64272
29.86281	5.99822
29.6722	21.19093	5.155879
29.6722	20.96186	19.49666	6.601334	14.32072
29.64848	18.14233
29.65808	19.11748
29.65346	19.86688	0.2975628
18.94438	29.87804	28.37547
19.34037	29.66805	27.28064
16.0798	29.81325	28.56281
13.99251	29.75206
28.98737
29.93025	26.43528
29.9058	28.96017
29.64711	27.83057
29.6583	28.50884	8.855593
29.87575	28.57445
30.07235	28.55179
29.84466	18.99087	28.61501	18.56734
29.91019	14.65127	28.78326
29.84394	14.22473	3.845022
29.6602	19.23991
29.85182	15.35611
29.69385	17.09908
29.68802	18.00783
29.68804	19.34229
29.67471	22.3132	2.956856
1.144119	29.67179
1.295011	30.02314
0.8420325	29.65666	28.81221
0.5940216	29.6655	0.1870244
30.01126	2.449056
29.65499
29.66223
29.64802
29.9965	18.95284
29.66667	18.44497	17.4196	13.27609
29.64212	19.24811
29.64212	17.78982
29.64212	12.75039
29.64088	14.20874	14.08487
29.69976	16.28128
29.99976	18.04284	27.50589
29.71528	19.31409	26.49265	14.42453	12.75899	1.016161
29.66105	19.06036	26.94975
29.6357	19.84845	27.12233
29.6357	28.55339	17.93216	9.691998
29.67223	28.54723	17.59681	8.054782
29.85043	28.54807	14.17557
29.83075	28.5662	11.30741
30.06432	28.66022	9.992855
29.87702	28.59155
29.7533	27.42952
29.75122	28.63558
30.01407	28.72197
29.72237	28.59487
29.70333
29.7168	20.08773
30.02926
29.6465
29.64853	8.501062
29.63646
29.63646
29.63934	21.12096	7.268777	5.460413	8.752419
29.63934	21.47993
29.66394	21.63589	28.50978
29.74408	21.4849	28.52585
29.68647	23.01528
29.69145	19.23337	28.14092
29.71337	16.98676
29.65818	16.68193
29.65525	17.97106	24.58148	30.04879
21.65479	29.66502
18.97587	29.66502
21.25519	29.65075	10.5371
22.08286	29.65075
29.66625	19.07896
29.66625	16.64693
29.66625	19.3292
30.76019	17.1326	28.60357
17.01973	29.64732
18.88813	29.68815	31.04669
17.02673	30.06381
19.28994	29.84936
18.56277	29.64487
16.86819	29.67875
29.64599	19.49795	2.617101	17.63007
29.64599	17.17724	8.617414
29.93753	14.32772	13.2162
29.67842	14.59826	12.37912	2.828552
30.01297	18.45838
30.06874	20.08608
30.0256	19.23974	0.754487
29.73721	21.45101
29.63993	21.68021
29.7062	20.99403
29.65522	19.58947	6.71447
29.67718	16.2407	28.93555
29.6558	13.23759
29.68471	19.31127
29.65499	18.9726	17.40915	15.99459
29.66902	18.63078	12.97159
29.67968	16.26227
29.76076	19.32017
29.64826	18.17884	6.695237
29.65081	19.84904
29.99443	19.28071	28.77259
29.9089	22.32986	18.88845
29.84932	18.58575
29.64059	20.32464
29.85239	21.56725
29.73047	21.54927
29.89379	20.33291
16.29416	29.68434
29.63788	18.32956
29.64709	18.36467
29.64709	16.90382	16.19765	4.729348
30.02642	17.69809	29.73872	1.333855
29.88306	16.76323	28.60804	2.234541
29.84876	14.19248	28.7188	11.91247
30.03935	15.996	28.67048
29.66538	17.66913
29.69416	6.573687	13.67152
29.70752	20.79382	19.22037
29.64254	17.47022
29.64254	19.19356
29.64673	19.23356	0.7516863
29.63694	18.91895	2.859358	12.26402
29.63613	16.33547	13.80912
29.68743	14.29865
29.68619	16.66119	24.87537
29.66392	17.14662
29.68069	18.32108	8.283202
29.87008	15.44037
29.63926	18.31735	17.25174
29.85197	22.74139
29.6937	21.2923	12.96483
29.74065	20.49247
29.66925	18.64341
29.67204	19.80624
29.66151	18.29031
29.66151	19.64745	15.49306
29.66972	17.15013
29.63661	18.41462
29.65805	17.1365	13.29123
29.69329	19.93393	5.165829
29.64488	18.93129	29.76578	4.851092	30.55923	17.97876
29.64018	18.21429	15.20483
29.67542	19.08593	16.29556
30.03506	15.98895	4.164058
19.64706	29.71058	17.90061
19.31243	29.66274	28.60206
19.32904	29.6755
18.45507	30.00781	28.89568
17.40918	27.05501	29.65844
22.634	29.65855
29.65419	18.54636
29.69767	19.01117	2.738816
29.8664	17.20448
29.65965	18.23275
29.78373	18.60063
29.65157	16.16776
29.65157	18.34532	17.41339
29.63693	20.31158	28.55576
29.65597	19.83372
30.07767	20.93248
29.70304	19.29117	16.87318
29.66225	18.38643
29.66225	19.51718	18.06887
29.67211	17.94924
29.84129	19.83407
29.85465	19.91007	11.49456	15.55955
29.65907	20.00872
29.64815	19.4109
19.51123	29.67074
18.70813	29.63682	3.344912
18.11411	29.63682
18.30442	29.68243	1.771481
19.8405	29.67873
18.12894	29.66959	6.82606	30.59241
18.92481	29.64447
16.12773	29.75004
15.66968	29.63698
16.8185	29.68852
15.85456	29.87353	28.54541
30.31655	28.54541	16.22217
29.69605	21.49212	15.57359
29.64816	15.86597	3.419358
29.64307	19.2834	19.26589
29.65976	18.89599
29.86612	14.56976
29.91467	18.7023
29.99771	8.192449	21.52075
29.66002	21.59802	15.68354
29.66458	21.24517	17.23814
29.67636	18.97569
29.66298	18.2363
29.68758	19.35604
29.64947	22.00081
29.96279	22.28999
21.2104	29.63725
22.37363	29.67043	16.42115	1.268203
21.72845	29.85563	15.33665
15.47907	29.91311	30.82486
14.44252	29.83541
16.00801	29.73121	27.19956
17.77595	29.83169	7.538608
14.70214	29.65286
15.66268	29.53295
16.28058	29.99544	3.010187
18.53543	29.67092	9.584689
14.15369	29.69869
20.41193	29.65949	11.67628
19.04614	29.84381	26.31959
18.98011	29.69324	1.142645
19.08989	29.64318
19.26603	29.64318
19.23622	29.65932	2.206556
21.59717	29.70223
15.99422	29.7323
19.93167	29.6584	31.43882
18.0237	29.64487	17.37335	7.519466
20.39092	30.03629
18.47533	29.85993
20.87614	29.68395	15.94173	14.39787
18.61639	29.63966
20.914	29.70233
22.58073	29.96824	28.90206
29.66036	21.64811
29.73162	19.48198	4.191332
29.65888	18.70284
29.64402	17.2496
29.64717	18.03421	4.355951	1.927999
29.8708	17.0467
29.94357	19.64064	29.72679
21.67241	29.64055	28.6516
20.33143	29.64709	28.59131
20.42176	28.53869	29.81444	8.806123
21.56157	28.53869	29.68055	4.849524
15.98161	28.21355	30.02661	15.12352
19.78442	28.52022	29.84877
19.77933	28.57588	29.95299
15.8319	28.65626	29.8287
17.02931	28.66596	30.05338	15.93174
28.46132	18.83538	29.90858
16.44713	29.64477
29.6404	21.16992
29.65903	21.3233	4.729474	15.8034
29.72367	21.05733	10.17182
29.69637	19.32566	8.846462
29.6932	19.12819
30.03233	19.43578
29.64993	21.41785	0.2241067
29.65485	12.48695
29.66315	18.51636	30.01172
29.66315	17.99027
29.64735	19.087	6.11808
29.63668	20.86143	19.1559
16.69511	29.86241
17.1778	29.63578	15.00354
17.03847	29.63578	4.997472	8.629088
29.8733	19.27297
29.86777	19.8621	15.37636
29.93057	17.02502
29.65511	16.34789
29.67996	19.29303	28.63216
29.64616	21.45961	31.39452
28.43838	31.21085	18.6306	30.02818	16.15898
28.53368	29.92903	16.54894
28.53519	29.6796	16.77094	0.4303981	5.471905	1.856001
28.53519	30.96347	17.67675
28.53519	13.94233	29.86724
28.53982	15.51599	29.80265	3.797629	2.633219	3.741501
28.53982	29.71573	17.91428
28.53982	29.64943	15.982
28.50962	29.54089	17.14719	30.8453
28.5453	17.81555	16.5426
29.64377	18.9763
29.65055	18.4439
29.64135	19.26459
29.64881	19.36937	28.59407
29.76984	16.01023	28.76749
29.86497	21.16893	17.17939
29.65143	17.97369	31.66116
29.64693	15.83338
29.64693	14.31075
29.63936	18.38802
29.63936	13.84604
29.75464	16.4651
29.8833	21.64092	16.27681	10.929
29.63944	21.84444
29.66995	20.94066
29.79348	19.16178
29.81045	16.28689
30.00843	19.77171
29.79792	19.18271
30.10065	16.94574
29.67325	15.52948
29.66016	10.23963
29.99653	15.75215	28.56072
30.70564	14.6946	28.8133
16.22064	29.69329	9.172536
29.65787	20.34352	13.46187	2.047876
29.64188	16.31423	5.917915
29.66935	16.23117	4.990215	2.754299
14.5358	29.65582	11.20978
29.68278	27.12551	18.19592
29.64873	21.2274	20.86919	29.23023	15.10893
29.66782	18.42951
29.83575	15.87559	14.73375
29.64316	10.52542
29.69075	28.52533
29.77154
29.64221
29.65684
29.65934
29.69018
29.6623
29.66811
29.90222
29.66497	27.31192
30.01576
29.64217	28.18473
30.01251
29.66775
29.65569	22.42518
29.85064
29.68736
29.75179	1.041102	0.1540392
29.8272
29.63629
29.63629
29.63629
29.68258	28.27237
14.03415	29.70492
14.51687	29.73697	5.189524
15.45665	29.6526	31.14521
16.31378	29.76715
18.54237	29.76512	31.47441
18.14608	29.7206
18.33749	29.97918
21.41357	29.73235
18.09302	29.66691
16.21686	29.66691
16.97046	29.71173
15.15298	29.64911	21.78674
29.67899	17.11614	3.335287
29.64459	20.14906	20.01863
17.5173	29.65694
11.58992	29.65694	2.841883
19.36887	29.88766
19.60781	29.70567	0.1349178
21.75192	29.66803
16.61377	29.7232
19.03594	30.05118
14.8386	29.83325
18.37925	30.02679
19.41528	29.67947
19.75003	29.73305	30.95038	6.074305
19.17061	29.66925
18.81115	29.52047
20.11478	29.65048
29.65341
29.65397
30.01122
29.65043
29.6851	16.87778
29.64122	22.86514	1.951875	1.903842
29.63746	19.93495
29.64959	17.04414
29.64553	15.09513	28.52423
29.64553	15.79158	9.715756
29.68835	17.12773	2.555813	0.9890964
29.67432	19.32657
29.67432	15.13751
29.64881	16.62345
29.64881	18.12135
29.67977	18.75688
29.64326	19.69234
29.68325	21.56611	16.22803
29.70086	22.33752
29.80784	22.22476	29.61774
29.64932	18.72891	28.1781
19.84075	29.83195
19.16228	29.83984
18.31142	29.8282
12.75679	29.68492
14.11497	29.68492
15.60315	29.90259	8.143459
16.23644	30.15067	28.64747	25.05509
16.81243	29.64791	28.74688
14.65578	30.29697	28.54519
15.55253	29.66313	28.93878
29.85159	27.38453	2.006878
29.85195	27.27063	0.59174
29.6761	26.86446
29.72293	28.53196	7.455744
28.61402	30.09043
27.36325	29.64329
28.56214	30.04002	15.08302
28.49904	29.74345	15.11768
29.79347	15.36287	28.63489
29.6769	19.36563	28.59976	29.96291
29.64121	18.57771	27.19228	17.97811
29.72595	17.09438	26.67716
30.03267	17.0056	25.55209	28.56957
29.75864	15.386	28.66783
17.07833	28.52906	8.495675
15.85092	28.57158	30.83729
28.48074
27.9069	29.64003
29.64003
29.6701
29.66962	16.88219
29.67267	15.59043
29.70056	19.95783
29.64712	19.0818
29.64712	18.56946
29.63953	20.86947	19.8778
29.65714	20.47533	15.74939	6.761596
29.88023	16.15259
29.64266	15.90267
29.84329	18.86359	1.613143
29.63511	18.56031
29.92511	19.58377
29.66459	24.1894	16.14626	15.1461
27.23878	19.35458	29.6815	6.898005
27.36118	21.58665	29.84347	6.308096	0.3767637
28.53322	17.15633	30.14829	15.18661
28.53322	16.38454	30.79254
28.53322	11.22241	29.66721
29.21841	19.21459
28.96422	14.19526	29.98297
27.73879	14.94023	29.65147
28.74003	15.71619	29.65822	1.672503
28.53244	16.83572	29.91191
28.6154	14.50195	29.79947
28.54616	29.73622
28.8278	29.95481
29.69062
29.63781
30.03254	21.68504
29.88356	19.28998	3.155691	5.637622
29.79562	18.61807
29.75751	16.9128
29.6571	16.152
29.65847	17.14585
29.90984	19.76356
29.70385	15.68584
29.64507	14.51776	27.40048
29.70284	21.04322
29.66475	19.23049
29.70966	18.60702	3.774285
29.86838	17.59059	17.02618
29.65739	14.67791
29.65739	18.51087	2.505753
29.63747
29.67698
29.65241
29.68883	13.43254	9.212314
30.01761	11.23451
29.90491	15.29014
29.71093	15.23385
29.7387	21.15381	8.733715
29.83258	19.25882	28.56626
19.22172	29.65987
16.29835	29.83766
16.31822	29.74453
10.53271	29.9944	0.5006791
11.53231	29.84614	0.9551715
13.97503	29.64224	0.906875
14.56674	29.64883
18.13163	29.85006	27.0713
19.32115	30.02923	27.56453	31.38374
18.23568	29.66162	27.20035	24.82796
14.90635	29.8591	28.57941
16.06657	29.81882	28.795	30.62346
16.15984	28.65976	30.22599	24.79906	3.101637	11.68426
21.1734	28.47826	29.74658
18.55462	27.39318	29.79592
15.80483	27.20484	29.64691
18.13257	29.6718	24.48318	15.25231
29.80995	24.85769	17.01633	10.48693	1.497282
29.70545	27.45255	15.7046
29.68783	28.60497	17.08529
30.05837	18.18354	27.22613	24.17366
29.70743	19.15785	27.28936
29.64656	22.79829	27.32021	11.83931
29.76457	17.18475	27.76304
29.65993	18.13681	24.61728
29.65993	18.62498	27.13414	10.40444	10.59643
29.63845	18.01782	27.21695	13.74005
30.61013	16.01443	29.82084
17.00187	29.94676	12.82292
18.58292	29.6903
18.33718	29.72787
19.02634	29.89643	25.30315	1.81821
17.12689	29.68134	29.31759
29.64899	22.26447
29.64899	19.26148
29.83136	22.69334
29.67654	17.82855	7.508886
29.8538	19.36642
29.64384	18.15805	5.52538
29.65003	15.38767	0.6842349
29.65003	16.81116
29.72913	19.21747
29.85808	19.4354	17.77173
29.83167	19.08692
30.15435	21.72542	18.42068
29.87435	19.30445	8.858166
30.15293	18.50313
29.71012	18.99527
30.10759	19.25806	29.2045
30.00709	18.32299
28.57118	16.49957
29.7822	16.93615	27.35822
30.00507	15.77473	28.54802
15.67782	28.53441	29.75032
18.95976	29.13335	31.43427
29.68815	19.78385	27.40674
29.69419	28.65575
29.67125	28.57523
29.70535	28.51574	19.22838
28.60397	17.29123	30.00533
28.405	19.14004	30.00278	19.10562
28.5093	15.4432	29.67529	20.3414
28.54038	13.06768	29.83323	29.48682
26.92728	29.67012	22.30548
28.62463	29.83893
15.58077	29.90902	27.11789	4.220495
29.67011	25.49664
29.6384	28.69427
29.89079	28.77614
29.64256	28.55154
29.84431	28.56429
30.17177	28.67886
29.6601	27.88713
29.53658
28.56585	19.08086	13.17597
18.85343	29.21417	17.59955
16.4278	29.6911	14.66247
17.95194	29.67696	3.152579
14.37527	29.67192	13.81468	7.998538
28.57719
29.71972	27.68415	27.64385
29.93639	28.53144
29.64322	27.1761	22.06951
29.88125	28.09614	22.29947	31.18212
29.67656	16.57426	27.29876
29.72261	27.19107	18.49338
29.65668	27.46092	12.93093
29.65011	27.16055	16.84949
29.65011	28.20742	19.03327
29.84772	28.45892	14.54961
30.02365	28.51795	13.76065
29.75171	28.5403	13.71443
15.62018	28.78404	30.83129
28.67453	26.41979
30.00775
30.00104
29.72134
29.68391
29.64771
29.67363
29.64221
29.6757
29.65865
29.64054
29.64213	8.379017
29.64708
29.92764	16.09837
29.75942	17.03399
30.07483	15.95067	1.545931
29.92166	18.75905
29.85394	14.67528
29.64061
29.6443	15.09005
30.01489	15.93534
29.85645	16.769
29.63705	17.86682
29.65982	18.33427	21.9669	8.855399
29.65932	18.3261
29.64297	22.16033
29.64297	19.43441	10.98501
29.65688	21.98246
29.69353	16.80891
29.64894	16.2493	15.677
30.115	17.08599	28.75228
29.69265	19.34562	28.57004
30.11891	19.26543	28.50482
29.68145	22.1952
29.63891	19.21278
29.6644	16.97615
29.77031	16.00054
29.99615	18.77371	29.01591
29.84021	16.61323	28.62488	4.428102	1.362787
29.94606	15.25933	29.22581	6.2517	22.84647
29.90804	27.79263	21.64979
19.26166	29.63747
17.08174	29.64348	27.66463
19.33081	29.64948	28.57305
17.13739	29.66711
19.94479	29.67638
19.12377	29.67638	16.79798
20.44881	29.68259
15.65454	29.75176
14.46167	29.64732	11.63275
19.98829	29.67881	16.84819
19.19938	29.71913
19.22469	29.66238
16.34621	29.63985
14.6885	29.63985	4.736559	2.382926
16.26575	29.65897	29.05501	13.14449
29.64041	29.09171
29.67442	30.71168
28.54616
28.57896	20.98616	0.3291418
29.65863	20.76782
29.69658	21.56993
17.97986	30.38739	13.18773
15.90937	29.6566	3.652849	31.15568
17.96557	29.74011
18.2225	29.83952
17.17449	29.70496	30.13867
19.87371	29.66372
20.32528	29.676
16.92108	29.65603
20.84413	29.6757
18.63517	29.68918	10.44097
18.12905	29.65511	28.56108
19.18147	29.74074	27.33101
30.04922	28.53387	15.83157
28.62365	16.80244	2.443276
17.52831	30.01009	28.73041
17.1773	29.74511	28.55738
28.55289	29.83349	18.27776
27.43964	29.6906	18.89002
27.53462	29.71997	21.15187	10.44992
29.72258	21.33895	3.291465	27.44318
29.88692	28.53693	15.74612
30.10624	28.53693	11.17439	16.88952	27.58576
30.14504	28.65159	16.76618
29.72191	27.31821	20.58476	12.84344
29.90226	27.34821	16.04563
29.71118	28.66737	17.69393
29.66291	28.61393	18.59294
29.70007	28.49709	14.66349
28.69809	14.1142	29.91038	0.01634665	13.80082
28.54946	17.77185	30.04984	15.99554
27.38041	18.82478	29.64819	29.33345
20.27648	30.04988	28.48458
19.217	28.6367	30.11858	6.550224
18.82158	29.67307	24.44482
17.17426	29.64196	27.31419
29.72192	26.68645	22.8149
29.93809	27.55466	20.14338	3.200452	0.3780808
30.00749	26.9499	18.69473	1.636807	28.77913
29.6831	27.82568	18.47059
30.22073	28.55467	15.6332
29.7132	28.54784	16.24747
29.7559	28.60857	15.75922
29.64872	28.68915	15.86436
29.65775	14.5457
29.85005	16.27493
29.63768	12.74853	2.065559
29.65011	15.14471	25.33556
29.7366	14.48488	12.64013
29.66337	18.2347	4.86582	1.787575
29.66611	21.0258
29.67252	20.89776
29.67252	19.70848	13.34515	1.07733
29.65089	19.1209	28.74355	29.28991
29.27316	20.31067
18.48008	29.69836
18.45912	29.83544
17.45679	29.64087
15.72383	30.06579	4.011215	2.42656
19.02993	29.99728	28.5557
16.11367	29.8786	28.70894
19.44719	29.65869	13.06696
16.99072	29.87496	30.74396	8.07594
29.83755	1.700717	22.23247	0.5622227
29.65887	21.38931	19.82654
29.64023	21.63855
29.6455	22.34057
29.63939	16.99966
29.70062	18.29393
29.63489	19.28022
29.67327	21.70983	1.090384
29.64167	21.72114	0.1085572
29.69244	22.3001	15.73442
29.83322	21.5539	20.8877
29.76803	21.49278
19.26634	29.94859
21.50582	28.847	30.05671
28.57207	29.83744	17.82979
28.70697	29.70316	16.40994
28.57754	14.5956	29.93192	0.1843652
27.43129	18.51481	29.6375
27.35897	21.12122	29.84569	2.098408
21.35081	29.83674
23.35666	30.01724	17.67326	2.468177	31.66031
29.66703	22.27044
29.67558
29.65861	25.48831	19.51019	28.77148
29.85839	26.97973	19.80389
30.72625	19.025	28.55065	14.62765	13.48325
29.6424	19.24857	28.56887
29.63618	18.2845	6.599073
29.82115	19.88187
29.64493	18.88902	3.318587
29.64493	19.66582	25.9496	4.632984
29.64327
29.72537	0.6372573
29.65495	14.11193	4.739928
29.69119	14.51949	29.58045
29.84142	15.1525	31.38162
15.30645	29.73076
21.00623	6.2548	29.86929	2.835223
20.0201	29.65444	9.832314
17.73849	29.64261	3.902004
16.17571	29.65117	12.89578
12.0698	29.67994
29.66962	12.20664	31.65491	31.44708
8.047535	29.91523	28.97812	22.02734
27.92259	22.5305	8.505849	30.00175	4.717107
28.48061	30.00175	18.17897
18.66395	28.52223	30.00284	12.79075
15.25926	28.69058	30.20074
14.25521	28.56712	30.12813
12.52349	28.59802	30.22585	0.1942532
30.80212	4.683847	29.67946	1.750063
0.6221012	29.68674
1.519373	29.76108	28.58281	18.38007
29.64632	28.61037
30.03557	29.00848	17.79798	5.895985
29.83141	28.51313	17.38885
29.92528	28.20574	14.9271	28.7978
29.67096	13.68878	0.7532938	27.76021
29.95009	28.51441	17.90504
29.22488	17.17459	28.51862
16.65989	28.51307	30.88314
18.67808	28.57899	29.83573	1.866502
19.77919	26.94031	29.65546	0.613806
27.74219	29.68129	18.29997
25.11759	29.68246
24.23766	29.66093
24.39565	29.69343	25.96593	28.55616
29.63792	27.09402
30.00807	28.6147	6.268464	4.228479
29.66588	27.34818
29.66588	28.65199
29.85393	28.63871
29.88386	28.55103
29.97676	28.5769	14.06851	8.308898
29.7049	28.35807	15.46995
30.03236	28.15049	16.05473
30.02299	28.4541	18.99739	18.92616
18.1895	27.34342	29.79974
16.84186	27.07968	29.69091
20.25325	28.30016	29.74782
19.59273	27.27118	30.1148	7.613117
18.49566	28.65426	30.03484	17.77766
19.14473	28.56679	29.73015	3.732971
17.74101	28.54423	29.63729
18.05679	27.4789	29.66759
22.17168	27.08529	29.99412	22.08129	22.07892	29.06411
18.8389	28.60118	30.012
17.645	28.60041	30.02648
29.63764	0.298611	21.41158
29.63764	19.05693
29.63764	21.2123	14.62565
29.84892	21.65343	19.7223
30.00705	19.2243	16.47677
29.83479	18.98351
29.69941	18.81023
30.06065	16.24479	12.09136
29.93063	14.22908	29.3611
29.7103	13.51755	12.56875
19.26751	29.63395
19.18527	29.66124
29.84713	18.2711	8.871487
29.69277	18.88096
29.66269	22.19255
29.65424	21.57866
29.65691	18.57108
29.64701	17.21886
29.65236	18.06141
29.65236	18.8445	16.12917	17.22362
29.65236	18.13498	12.93393
30.02007	18.40093	14.91945
29.69956	21.7455	14.69943
29.65176	19.09044
29.6558	16.23736	10.24636
29.65857	15.7519
30.09274	14.88117	28.6326	1.17405
30.00451	14.56765	28.50596	2.833632
29.82813	15.62735
29.6966	14.32175
29.67018	18.24925	0.5773716
29.64069	22.26585	15.96627
29.64069	17.35913	16.12073	10.65042
29.64069	12.00508	29.9588
29.64237	15.71942
29.67458	16.50645
29.6904	13.56151	8.901701
29.85132	14.94832	8.863469
29.66379	13.82663
29.64545	18.98669
29.85494	20.29338
18.03866	29.6685
19.32661	29.65017
22.25398	30.01042
19.79535	29.66193
29.75895	17.1706
30.00278	16.18535	8.021599
29.89064	18.79362
30.00798	19.71305	0.06853538
29.79123	18.53289
29.98963	18.43254
30.16559	20.11748
29.86253	16.30157	10.73221
29.69273	16.12895
29.75054	15.79129
30.00805	18.25658
29.74301	19.71782
30.0118	21.13289
30.01306	19.31889
30.01376	22.10701	14.27909	15.90092	4.444308
29.91013	19.76514
29.67403	22.25414
29.69095	16.19989	9.368079
29.86376	15.79273
29.63857	19.02223	7.656228
29.64232	21.41398
29.79482	15.38363
29.85731	16.5837	29.20224
29.26226	19.24867	14.48002
29.69473	19.16915	0.8878561
28.55945	20.40848	4.072538	10.97221
19.88242	27.816	29.86666
13.73527	28.56948	29.66361
27.3964	29.68515	17.7478	14.24633
27.32602	29.67169	18.5065
29.70148	19.89518	28.42965
29.71966	15.6711	27.24516
29.82716	19.1833	27.64159	15.60668	9.848612
29.83552	19.83544	27.23352
29.75012	19.26073	28.53042
30.11111	28.49066	2.684868	23.38441
29.83413	28.5206
30.04742	28.68642
28.59625	29.65132
28.60905	30.06589
28.54584	30.00599	26.87619
29.69955	15.29901	25.96019
16.11336	28.53865	30.29201
19.10257	29.65386	6.11188	28.59824
19.2791	29.8878	28.9133
15.7606	29.8796	28.26549
18.27215	29.66592	28.47949
16.57555	29.92746	28.5498	24.79297	13.87267
10.24083	28.98824	27.40167
29.73557	28.09015
29.75557	28.56697	21.61293
29.86549	28.65737	23.82412
29.66703	28.43344	28.3955
28.57409	29.63514	11.90164
28.54349	29.75468
28.4944	29.66629
29.6739	28.16023
29.74875	28.6077	15.08814
29.65382	15.8279	2.379187	30.76087
29.65664	15.3823	2.019328	9.384663
29.69621	15.78502	2.248581	26.74365
29.69	16.19293	15.11773
29.83618	19.11832	28.71271
29.94292	17.09686	28.54268	30.93257	9.459275
14.36149	28.75671	29.82765
18.80658	28.44889	29.66943	30.52663
19.78042	27.42468	29.66971
18.9091	26.93813	29.95647
29.75611	14.0863	7.418075	13.38331
29.63501	17.04856
29.65453	19.08785
29.65453	16.29275
29.8398	17.15683	8.512068	28.96128	2.76209
30.00363	18.83017	23.05529
29.95711	22.37886
30.07121	18.95745	28.65659
18.53266	29.78411	8.838868
15.70441	29.78139	11.17759
19.19562	29.64791
18.42365	29.84982
16.10512	29.67664	9.740411
18.66059	29.67421
17.9683	29.66004	7.390983	12.93202
29.66004	15.48267
29.86176	17.16651
29.66065	22.00435
29.68274	19.34919	5.224601
29.63534	19.22451
19.31762	29.88768	4.895076
17.57887	29.90523	31.40493
14.22753	29.98664	8.099084
16.71819	30.01781
19.26662	30.00547
19.90957	29.63635	30.59774
18.60252	29.91313
21.56595	29.86665
19.76472	29.85212
29.65399	30.15055
30.01316
29.65604	28.74595
29.53191
30.05293
29.82754
29.67429	18.63429
29.63872	16.95849
29.696	15.55199
29.67579	16.58469	27.41184
29.70314	16.5776	28.52188
29.67081	13.43887
29.67851	19.43109
29.6457	19.09125
29.83769	19.29956
29.67026	17.27533
29.67383	18.31334
18.1553	29.97486	28.98641
29.64218	21.27554	28.72834
29.67525	18.52941	3.303527
29.73195	12.78948
29.66281	16.00842
29.66822	18.77861	27.65272
29.7546	19.26423
29.63538	18.86041
29.65669	16.91759	10.62686	31.58242
30.11083	19.2638
18.90255	29.63508
14.30958	29.63508	9.120349	8.367562
18.54888	29.63508
18.58328	29.63508
13.50006	29.63508	3.3083	8.612777
15.39959	29.63508
16.20539	30.00311
18.52394	29.64223
20.42123	29.70334
19.24888	29.6741
21.33523	29.68034	30.90553
18.14298	29.66152
21.99937	30.0325
19.63339	29.82909
18.13235	29.67921	31.03199
15.37075	29.87184	28.61452	2.983106
17.15312	30.05154	28.73135	24.07331
16.0687	29.65131	27.13222	1.817313
18.63744	29.63689	27.77592	5.236122
20.96728	29.64429	27.07927	10.85922	8.604556
29.78625	27.26641	18.21071
27.37437	16.7816	29.69028
28.22552	29.67939	9.338515	17.32522
29.69435	21.29846
30.17486	0.8625599	28.73789
29.94435	2.420941	27.3694
29.63899	28.51236
29.84193	12.15998	28.55065	9.523475	6.018733
30.1041	28.53738	15.06148
29.68695	16.93885	27.51351	31.22322
29.70968	18.35536	27.50864
15.52525	28.81572
14.09557	28.5143
15.77768	28.54036
8.667007	29.06115	29.8494
28.53741	30.25037
27.22843	29.68066	13.13838
26.95249	29.99602	14.53055	29.00147
25.5481	29.76241	17.59364
25.30637	29.7644	16.13559	28.7745
30.03367	18.6719	28.56857
29.89304	19.47549	28.66683	13.79946	6.869959
15.81572	28.55638
19.05446	28.70354	29.70158
27.49117	30.01386	12.85328
28.54772	30.34985	11.25726
28.57201	29.91159	12.83367
28.53824	30.06147	15.07123
28.53824	30.97739	18.30412
28.59464	29.97254	19.49362
28.54585	30.11505	18.64909
28.55056	29.89686	18.15736	0.08764346
28.64177	18.9305
28.56015
28.57282	12.20439	29.69839	30.3309
28.51279	14.68205	29.69881	11.85416	9.185947
29.71029	25.74178	10.50394	9.387399
30.0154	27.21383
27.2328	29.88955	18.24026
28.53976	29.84939	18.96988
28.49443	30.09885	19.55901	1.794237
29.54035	29.77413	21.78334	27.33762
29.63558	23.11754	24.4309	4.40972
29.63558	21.71488	5.212327
29.63558	23.23403	18.83551
29.63558	19.98787
17.141	29.9493
20.30045	30.02192	4.718772
20.87564	30.11625	28.8784
19.28172	30.29191	28.52306	1.367613
18.42986	29.88111	27.16218
19.28096	29.65588	24.87562
20.03729	29.63873	25.479
19.31775	29.70615	24.69084
13.55576	29.69228	26.79999
14.55623	29.79003	27.63226
19.96877	29.67849	27.3771
20.93803	29.74845	27.24955
17.06572	28.79686	28.2311
29.64816	17.18098	24.93152
30.1015	17.12838	28.55072	7.248027	1.834953
29.85903	18.42045	28.55072	1.409434
29.8196	19.14481	28.50848
29.64732	17.22083	27.29871
29.64898	17.60364	27.5067	0.6378445	5.125069
29.70141	14.28525	28.53197
30.16691	10.877	27.2798	29.07837
29.8272	9.571918	28.53287	4.284438	29.19784
30.03934	12.81502	28.55496
29.91855	13.69449	28.65825
15.32815	28.56069	3.195807
29.67465	0.8315617
29.66679	27.26957	3.311898	0.6098171
29.65455	28.53785
29.84346	27.19511	19.29067
29.71542	28.67313	21.6563
30.02664	15.71076	28.69146
29.99934	18.81591	28.61823	29.70698
30.00836	22.47224	28.52526
29.65574	22.51549	28.57222	24.80561
29.65574	19.8705	24.43518
29.65574	21.52917	24.39753
28.70809	21.7695	24.14512
28.90757	19.74182	24.33822
29.71027	18.69376	2.126565
29.68502	13.97322
30.09852	16.97111	28.55902	3.084096
30.20571	14.12174	28.61511
29.99979	28.81078	21.55065
23.10336	28.56059	30.97363	14.45453
21.35163	28.59228	29.90882
18.2161	28.64795	29.69782
28.54496	29.83376	13.87743	4.024162
27.18221	29.74427	17.05377
27.31095	14.60439	30.09787
15.8252	29.84536	27.8289	12.00563
16.24461	30.04309	28.56083	12.99531
17.07269	29.93934	28.56083	0.1912386
19.41749	28.5324	14.29836
18.78991	28.5324	30.8777	3.016208	4.19899
16.98844	28.56239
28.685	19.28316
29.6922	15.69502	23.81953	12.43718	4.152658
29.70706	18.83331	27.76801
29.30074	18.21452	27.3023	1.102105
29.67309	18.48748	27.11594
29.64307	19.26807	27.24419
29.70932	19.37968	28.51849	1.950875
29.8611	19.61445	27.42773
29.66357	18.9664	27.11107
29.78821	17.68858	28.54209
30.25489	16.37827	28.54221
29.65346	16.99799	28.48327
29.72998	13.88811	28.74013
30.42008	28.67954
29.67901	28.52258
29.67894	20.12202
29.71098
30.08067
29.64834	20.84628
29.73231
29.71037	4.246237
29.66365
29.65258
29.69168
30.00726	17.64798
29.68123	22.0194	28.51364
29.85796	28.53501
30.04603	28.38037
29.63898
29.71178
29.67436
29.63777	19.11314	7.162976	3.683642
29.64415	19.3878
29.70117	20.06587	5.173874
29.69628	14.14627
30.00676	14.48047	10.69981
29.70721	20.30737
29.7092	19.44822	28.70983
29.8324	21.89352	2.137609
29.65376	21.5366
29.69472	28.6006
30.22526	28.7632	30.13891
29.63613
29.66281
29.26792
29.66197
29.80743	17.88521
29.68275	19.6018	29.61466
29.99427	15.1293
29.63536	19.29375
29.64189	19.78723
29.64189	18.86261
29.64189	16.92772
29.6497	19.2709	28.94386
29.65942	19.53876
29.83007	18.7035
29.63569	18.04681
29.84592	16.7955
29.70165	17.26087
29.7175	21.22144	30.89847	9.163834	8.569921
29.68527	18.39373
29.69463	19.01408
29.75288	21.24532
29.63495	19.43735	15.11702
29.67843	16.30239
29.68165	14.22019
29.65327	13.36676	31.23071
29.63511	17.28627
29.8955	15.98324	28.20122	29.59619
29.66453	15.05065	0.3982889
29.6372	14.38904
29.64837	22.40672
29.64922	22.30089
29.74274	22.30297	4.28982
29.99872	21.72594
29.95205	19.96156	28.56153
29.71381	21.22121	28.51205
29.9075	28.72876	13.83852
29.88219	16.24705
29.70918	19.07269
29.63837	18.17798
29.64113	16.23416
29.63985	16.09574
29.68233	12.86775	16.33746	8.929921
29.66147	15.29217	27.7035
29.74867	13.59921	27.41827
29.87385	16.73312	27.51835
29.82733	19.66205
29.6514	18.84419
30.07091	22.2826	29.02221
29.73884	16.73226
29.69304	21.4942
21.66292	29.66131
15.42986	29.68846
29.65494	27.45907	12.93797
30.12668	28.81893	14.22074
29.65018	26.56866
29.64579	27.50677
29.64787	28.54996	1.931654
29.66816	27.26388	19.99839	13.81665
29.82886	16.13378	28.26725	9.395302
29.83519	27.17981	18.57656	7.455177	5.532193	5.699666
29.65289	27.1249	13.14723
29.6693
29.85255	19.19746
30.00587	17.18514
29.75315	22.71004
29.6687	19.18068	0.6407985
29.83058	19.23657
29.68041	19.23298	6.735632
29.68041	18.6092	7.83
29.83941	16.04895	11.39083
29.66242	15.81858
29.63651	15.83802
29.63651	22.34703	1.609185	28.56887
29.65732	19.91349	27.26996
29.66462	18.75924	28.85365	5.457947
29.84991	18.54672	24.22965
30.07139	18.36566	28.29616	9.882078	2.205729
29.84799	16.94621	1.193101
29.63822	19.25643	1.850289
29.65304	20.32208
30.01849	17.17745
29.64011	18.05582
29.64011	19.09897	25.5985
29.77038	19.75932	24.55515
29.63805	18.53999	24.49914	4.707448
29.66903	18.54021
29.64556	19.21087
29.89213	18.74925	29.71858
16.63106	29.71858	1.400155
18.37662	29.89184
19.20762	29.96819
18.57487	30.01863
17.12092	29.67474	1.938297	30.18408
18.97376	29.65834	18.17311
18.98295	29.67297
18.97575	29.72225
19.26348	29.71062	5.018611
21.71234	30.00938	7.536439
18.91415	29.69771
29.65735	19.82773	11.56412
29.63736	20.46302	16.35579
29.63736	19.06995	1.379045
29.64706	18.48449
29.6576	21.72369
29.67232	21.84624	8.797775	30.65656	8.312769
29.64061	21.48253
29.6445	20.73782
29.6849	21.4019	4.552874
29.85631	15.79525
29.68005	16.89572
30.04818	14.7005	28.57143
28.54629	17.17835	0.3151893	29.61665	21.55735	21.06585
28.49804	29.91366	19.75326	15.6524
30.02922	15.53187	28.64678	2.858612	9.64919
29.72251	19.32753	27.22939
29.79245	19.34147	28.52396
29.66749	19.90444	27.16501
29.68172	27.18666	6.412712	18.51877
29.8791	28.70211	18.45227
29.64176	10.39417
29.64176	15.53218
29.63811
29.74991
29.70274	10.97031	9.525986	4.684495
30.05973
29.74867	18.27333	5.033067
29.6969	15.75117
29.63834	28.6336	19.41927
19.44197	29.65916
29.65916	0.416009	19.33909
29.70862	18.62395
29.82862	16.96927
29.8927	19.23467
29.70018	21.66905
29.6363	18.60871	26.99499
29.75521	18.99618	3.943008
20.85749	29.25257	19.10815
18.96022	29.6392
19.84875	29.6392
19.24569	29.6392
19.16679	29.65857	2.087916	10.52115
17.92093	29.74822
18.25266	29.85845	0.3575176
19.37653	29.86807	28.4648
18.05372	28.72853	1.01962
16.60783	29.67017
21.40353	29.65197
17.0832	29.65197	6.625161
13.81732	28.63538	29.86807	27.77351	5.025876	31.38474
11.8	28.99171	29.8877
19.33948	29.67235	25.17226
18.34622	30.00861	28.80235
20.34636	29.88266	28.60589
22.31837	29.7443	27.38252	16.07667	15.77224	4.154945
29.74503	28.59228	23.03617	8.479266
28.63285	29.69483	17.189	15.74771
28.70944	30.0146	16.12297
29.7127	13.58188	12.57848
29.78296	16.05157
29.63802	14.37658
29.68416	19.2018	4.925075
29.85707	16.17651
29.77104	13.42645	11.55921	8.943714
29.68047	18.8392
29.69533	19.33028	28.54322
29.84236	18.86903
29.63707	17.49373	25.66296
29.63707	14.62186	2.231076
29.64367	17.16715	4.924763
29.65155	15.74388
29.65155	15.06664
29.64974	14.70688
15.74332	29.64947
29.64344	15.9568
29.64344	16.23345	3.130633	30.7176
29.64344	16.17566	15.24268
29.65041	16.77833	5.895789
29.75084	17.68763	31.42229
29.68878	21.19899
29.78101	19.24849	17.21637
29.68076	19.07737
29.6389	19.31986	17.25213	28.2034
19.32385	28.35184	30.71612
17.06508	29.63577
21.17566	29.65922	2.299899
18.93925	29.6886	27.63778
29.87694
29.70451	16.93337
29.61611	18.14656
29.64864	18.07542	16.43483
29.66375	18.43901	8.862767
29.66375	19.18568	19.0537
30.01099	18.22327	17.82926
29.68812	17.7009
29.63648	13.69135	7.391534
29.67864	16.20672
29.9957	16.73754	22.45175
29.68977	21.4344
29.71728	16.17598
29.69222	17.71517	15.84157
29.66229	16.06481	5.730907
29.63694	15.52807	0.2097093	4.630434
29.75591	15.56764
29.65395	11.12457
29.65395	14.57627
29.63985	19.18668
29.64597	14.53829
29.67939
29.84826	5.135478
29.71617
29.79961
29.66385
29.67027	6.006313
29.67027	10.84502	3.743139	27.89016	28.92994
29.70648	13.12429	0.8853127
24.58393	19.11069	5.266043	29.73608
17.70178	29.96421	28.97723
19.75786	29.72091	28.42792	12.08191
13.88871	29.63455	27.25618	13.81252
16.84413	29.81938	27.34281
17.1317	30.05221	27.49083	31.27109	3.786437
15.74569	29.65898	28.52429
13.74626	29.86565	27.82077	11.67402
14.53679	29.94942	27.76069
15.03927	29.64932	27.41335	9.409149
15.10907	29.64127	27.50888
15.85452	29.21862	27.41399	4.006885
29.83497	18.99631	28.5074
29.85959	21.59886	27.53865
29.75005	15.83358	25.04437
29.65252	17.0264	24.20121	31.53118	5.885057
29.65627	17.26497	25.48696	13.72117	6.412452
29.65627	18.65302	27.17671
29.65627	26.36078	17.9183
29.64063	26.81976	18.5743
29.9604	24.36305	18.36711	28.72106	29.7208
29.64221	24.90597	22.17059
29.64221	24.40959	20.29842
29.87283	27.16826	21.08687	6.478589	31.17279
29.72345	27.34048
30.03185	28.60436
29.66086	16.97639
29.83004	27.22089	19.59894
29.88027	15.35902	27.52373
29.76634	16.6538	27.14707
29.78336	11.841	7.389677
29.64149
29.64149	14.54575
29.6396
29.72327
29.69686
29.67399
29.65167
29.74256
29.65152	14.59758	22.76106
29.75404	18.9095
29.65134	17.59166
30.04358	19.07496	0.29462	10.09549
29.7854	19.8408	1.271436
29.65287	22.00274	5.627945
29.66445	18.91606
29.65333	18.77499
29.64103	21.35967
29.835	18.54429	27.15512	29.65009
29.6827	21.46008	27.75117	15.86906	9.476017
29.65779	18.39247	28.51446	17.29536
29.65779	19.84084
29.94871	20.91539	0.06040134	28.26908
29.65075	21.62085	0.1803413
29.65075	19.00428
29.63529	21.45678
29.64878	21.62584
29.64878	19.86467	10.40064
29.72702	19.08039
29.63912	20.5767	6.200848	4.224021	28.62869	20.30097
29.66837	16.81351
29.6546	18.33312
29.6546	21.77447
29.6546	19.35803
29.6546	18.28153
29.6546	20.97246
29.66968	17.16763	8.862929	28.69741
29.66834	18.08246
29.83125	18.56692	17.09596
30.0519	18.44473
29.67356	19.1565
29.80179	27.71531	15.26034
29.6526	28.56129	16.146
29.71208	28.53686	13.97898	13.43257
29.68179	26.40555
29.90234	8.29061	27.36834
29.69184	28.70582	24.43413
29.70303	28.53534
29.97696	28.6656
29.67543	19.11676	17.2619
29.67364	18.50925	31.56362
29.97197	19.22518
29.67021	16.87778
29.67291	20.88977
19.80868	29.69653
19.21598	29.63537	5.976392	16.30619	31.70639
19.23766	30.0238	29.51687
18.24906	29.66413
17.20034	29.65664
18.1021	29.65906
22.07723	29.715
15.93377	29.63621	0.9616052	11.66978	12.0704
19.16597	29.76977	11.01465
19.26137	29.64328
22.10754	29.64328	17.22957
21.28909	29.71851	1.829559
19.13511	29.68391	29.00688
19.15854	29.77617
18.84251	29.64345
13.87308	29.71638
18.32527	29.67452
17.18214	29.73606
16.33064	29.66529
21.70101	30.07087	29.78772
19.80633	30.01453
19.8386	29.64818
18.3201	29.67837
20.10393	29.64572	27.0999
18.38546	29.66398	27.27956
15.7711	29.64968	27.24825
16.87882	29.68419	27.24712
29.73172	27.34884	16.18696
29.65837	27.12199	13.53828	0.2195923
29.9219	28.39326	15.93336
29.654	28.6074	15.49983	15.4439	29.07351
28.53647	18.97561	29.90287	24.90948
28.30165	19.19087	29.66665	11.86056
28.95914	29.66763	6.499264
28.79654	29.72945	5.270497
28.56909	29.66387
28.59889	30.62085	25.07337
28.65049
29.25422
30.06194	29.13635
29.71321	27.38177
29.70097	27.3482
30.07663	28.50252	14.21884
29.83241	28.14585	13.36623	11.25507
29.95067	28.59369	18.40696	1.543756
29.95583	28.7358	18.51108
29.71752	28.70055
29.71897	28.63183
28.53157	29.73823
28.53053	30.00086
28.53587	29.65636
27.07368	29.70937	1.669765
27.47368	29.70903	4.28797
2.053644	29.89678
29.63704	14.68551	28.42421
29.63704	15.74982	27.1278
29.63503	28.7239	25.63914
28.62513	29.64695
28.77045	29.85264
28.87234	30.78438	13.88726
30.04838	16.3267	2.749936
29.66441	16.21863
29.65362	16.6054
29.65362	16.25855
29.6862	14.496	5.69281
29.6862	12.05559
29.6477
29.71267
29.68015
29.63277
29.63556
29.7058
29.77464
29.6467	7.418055
16.0108	29.68035	4.224421
13.98365	29.89565
29.64679	15.80566	7.347708
29.64679	16.21331	30.079
29.63522	15.82419	29.11976
29.63651	19.84479
29.72936	18.59891
29.72584	21.42767	10.14476	5.614168
29.85423	19.97155	27.81896
21.15367	28.59452	29.7362
22.47844	28.6068	29.91093	14.45913
22.34345	28.89798	30.21464
22.0662	29.90002
16.85904	30.06467
13.62375	29.63721
15.85551	29.67323
15.91107	29.66409
30.05761	18.74873	28.65133
30.03563	16.69537	8.953129	28.98264	14.26633
29.65677	16.42125	24.43713
29.65677	16.38006	27.52784	15.99404
29.65677	16.44824	27.24108	6.750581
29.65353	16.06584	28.38455	25.24104
30.33081	19.87069	28.58419	17.93754
29.95995	18.61042	28.45598	12.47259	16.94163
29.64867	19.76821	27.34453
29.64867	27.14206	22.13086	13.87232
29.67649	28.17086
29.76637	28.54101	18.85819
29.89167	28.55156	20.44886
29.63648	18.63044
18.92476	29.67884	4.217467
15.49939	29.67884	9.842477
18.89245	29.68791	16.88105	16.86366
18.94053	29.91773
15.60554	29.78485	28.96432
18.44857	29.66158	27.70447
22.37084	29.64195	28.67318	19.237
17.93396	29.64195
