SpeciationRates
0.1415044	0.01664061	0.3170436
0.167899	0.009538254	0.4093115	0.1168343	0.07363096
0.08028721	0.04856889	0.3807336
0.1544683	0.03946893	0.3638104	0.007626269
0.1103992	0.02908101	0.3102167	0.06768222	0.017323
0.08940617	0.02282987	0.3110015
0.02763082	0.02768377	0.302155	0.01838194	0.04165129
0.1229982	0.02791359	0.3552863
0.1454851	0.01414764	0.4238906	0.150356	0.1390738
0.06501033	0.01284429	0.3354882
0.1337155	0.02781106	0.3135159
0.07654097	0.02184291	0.342877	0.1704152	0.02824344
0.1511569	0.01857766	0.3477481
0.1562914	0.05027506	0.304366
0.09892991	0.01981993	0.2754476
0.09374521	0.02798863	0.3054368
0.1965721	0.3464199	0.01009471
0.08283157	0.3501891	0.01502824	0.1406265	0.2683491
0.0435194	0.2374652	0.03243723	0.09712378
0.107785	0.2585558	0.01545573	0.07035804
0.05702844	0.2798105	0.0162563	0.09823368	0.09091278
0.2192628	0.01875195	0.07619387
0.09842204	0.0190178	0.09044405	0.2783262	0.1167797
0.04209499	0.03114207	0.08991094	0.240979
0.05772437	0.01668556	0.08634439	0.3117942	0.0752362	0.07697937
0.009066613	0.03522802	0.1134797	0.2861619	0.1032554	0.1762035	0.5581876
0.08657862	0.05450931	0.2436083
0.1206485	0.05617738	0.2522568
0.09427321	0.03972173	0.2277947
0.1936561	0.05250573	0.2149625	0.1644448
0.07664435	0.06579363	0.2449266
0.07868935	0.01672883	0.2441805	0.09575382
0.04698726	0.01247971	0.2439097	0.09128253	0.02705725
0.2650549	0.02461298	0.2057785	0.09280206
0.1903057	0.02002203	0.2225438	0.09387815	0.1078065
0.1731001	0.02043189	0.2258008
0.186662	0.02706151	0.2787445	0.1467372
0.09982969	0.02732025	0.1557743	0.4061817
0.06217062	0.005817535	0.1653809	0.2975399
0.9774859	0.01361504	0.1651044	0.3078562	0.05235376
0.210074	0.02744852	0.3126431	0.1386933
0.09979046	0.0140149	0.2387517	0.1037719
0.09053831	0.01566545	0.2509651	0.5554236	0.1396404	0.1613275
0.2130943	0.01947958	0.2638057	0.1723953
0.2600934	0.00862876	0.145657
0.3318844	0.01938036	0.1300111
0.004881234	0.01427151	0.1427563	0.2291646
0.07786896	0.02060246	0.2251766
0.1077252	0.01093486	0.1812848	0.3097151
0.1445405	0.01740756	0.1019971	0.2947088
0.1438012	0.01899743	0.3090878	0.113579	0.2191392
0.1257958	0.0244293	0.4524995	0.194173
0.1120547	0.01416777	0.4743229	0.1885421	0.2192541
0.1047099	0.009056107	0.3204782	0.1975431
0.3126053	0.03213806	0.1796994
0.2686355	0.01252545	0.1517742
0.251493	0.01968455	0.1378715
0.325796	0.009553968	0.1247033	0.2765021	0.08142628
0.1314781	0.01805846	0.3052187	0.1833867
0.1264478	0.01689773	0.2829239	0.1034208
0.112699	0.01788777	0.06428328	0.2626084
0.07801944	0.01658857	0.1049591	0.2603771
0.06683398	0.02568295	0.09970389	0.2480627
0.08404988	0.01081927	0.05699601	0.2574507	0.07137401	0.01915529
0.09751431	0.02910566	0.2884329
0.05147163	0.04226527	0.2308213
0.05726013	0.01490175	0.2456135	0.06635702
0.02054224	0.03009212	0.2575746	0.1611584	0.1251072
0.1239279	0.2373481	0.02883553
0.1373202	0.2337075	0.01562786	0.08760756
0.28019	0.02248222	0.09148414
0.2267555	0.03491622	0.2678443
0.243709	0.1451189	0.01343533
0.2702437	0.08074155	0.01722896
0.3272314	0.02774919	0.1249204	0.2603151	0.3952917
0.4297322	0.02041252	0.226198	0.07832124	0.1571271	0.0173228
0.4250049	0.01552664	0.194407
0.2751584	0.01587047	0.153481
0.3004088	0.01703185	0.1496188
0.2418712	0.02036029
0.2412316	0.006146194	0.1442303	0.04786445
0.08774269	0.0251061	0.2487158	0.142965	0.04376997
0.09413547	0.01093893	0.2254606	0.1756923
0.1001268	0.01309269	0.2511767	0.07358989
0.2985038	0.04367435
0.2544792	0.04314851
0.111617	0.02129309	0.3285376	0.1021254
0.06841979	0.012427	0.3557537	0.0716606	0.05982334
0.04784062	0.0161917	0.3331325	0.1200301
0.08725095	0.03676159	0.3891355
0.06092194	0.4142529	0.0162833
0.162408	0.4272054	0.05437731
0.1395181	0.403781	0.01236468
0.1102447	0.3963565	0.01778831
0.0979244	0.4177975	0.01593078
0.546618	0.505472	0.03350844	0.1024482	0.1145938	0.3278196	0.08532969
0.1607319	0.4122437	0.0272198
0.1390176	0.4248701	0.01666449
0.1173789	0.4203523	0.0279256
0.03235315	0.4074454	0.02657421	0.1171406	0.1080417
0.1368426	0.3221756	0.01996445
0.1074765	0.332615	0.03321771	0.2489556	0.01635628
0.1074376	0.3265806	0.0197238	0.366245
0.1749082	0.3448149	0.01255461
0.02207313	0.01707035	0.2938724	0.05408366
0.08398554	0.02819014	0.3049864
0.06905959	0.02043212	0.2715888
0.185549	0.0170746	0.3348848	0.1806649
0.06467131	0.03722815	0.3475573
0.04306803	0.01518363	0.258285	0.06925725
0.1013067	0.02514673	0.2632699	0.09334179
0.1571577	0.02526019	0.3021384	0.08786103	0.2084137
0.02877021	0.01747661	0.2680662	0.0798622	0.09395861
0.1423563	0.02131822	0.3272366	0.2765368	0.2016726	0.08251681
0.1582508	0.0198339	0.1581173	0.3093296	0.1527361
0.05716171	0.006468892	0.2021912	0.3180529	0.07418041	0.04677261
0.0991121	0.007094978	0.2114548	0.4038731	0.1322673	0.1271174	0.1694752
0.144305	0.01837402	0.328513	0.1752399
0.04120257	0.01826293	0.2955833	0.0943347	0.2400718
0.1336801	0.008126926	0.0986776	0.2800834
0.04579126	0.1831478	0.2787213	0.01378993
0.07905423	0.2148316	0.01218091	0.1233069	0.04006344	0.1744729
0.02218386	0.03121921	0.08150859	0.2712222	0.1242086	0.0444533
0.1454488	0.01703922	0.1100099	0.2712181
0.07403041	0.01677088	0.09683883	0.3301122
0.07088266	0.007844092	0.2669708	0.1320037
0.1262905	0.01918247	0.2541108	0.1540334
0.05240053	0.2606488	0.1573885	0.01752218	0.08533471
0.03477126	0.2741941	0.04604616	0.09254094	0.1297578
0.03408713	0.2322718	0.02489951	0.07457291	0.2019401	0.1661334
0.1418934	0.2574754	0.02093906	0.1171988
0.1008672	0.1441294	0.007941382	0.1003764	0.2603685	0.0368027	0.1443823
0.3028174	0.01483068	0.2716059	0.1305625
0.2364462	0.02039718	0.08083564
0.1950641	0.04781173
0.2316173	0.0156322	0.1418634
0.5047881	0.008645449	0.3333349
0.3324636	0.02005605	0.1303834
0.1147389	0.02089169	0.3279025
0.08646024	0.0196121	0.2881445
0.1904472	0.01700613	0.2782523
0.2968727	0.01581102
0.2858357	0.01187997	0.1577215
0.1268946	0.01686697	0.1802722	0.3427775	0.05690665
0.1418815	0.01167304	0.108871	0.2637892	0.1748774
0.104439	0.01555804	0.1361185	0.3643451	0.1705287	0.02924593
0.05728978	0.01459791	0.3660001	0.1744398	0.0602191	0.2780457
0.07993702	0.018653	0.3230643	0.08355419
0.02288703	0.02410124	0.3603403	0.1536671
0.05423155	0.04583568	0.2986695
0.07581117	0.01805158	0.319715	0.005812326
0.08977184	0.03758066	0.3444376	0.2414119	0.007533077
0.05796637	0.2909906	0.02076766
0.02132824	0.2975302	0.05245846	0.1333611
0.08108914	0.2454328	0.009792254	0.1559884
0.06609755	0.253631	0.003754314	0.07414661
0.007264364	0.2792314	0.01779732	0.1020409	0.1346988
0.00387177	0.2531311	0.007669445	0.12253	0.1533503
0.00466455	0.2785268	0.01989792	0.08496519	0.1479281
0.004966572	0.2827495	0.03127777	0.129846	0.01873808	0.2109665
0.06586692	0.009588871	0.07708177	0.2853618
0.08911357	0.01687227	0.1645311	0.3156378	0.07109767
0.2296609	0.009263349	0.2117708	0.4387216	0.1340492
0.2769584	0.01909249	0.1943205	0.4773282
0.1776676	0.0161181	0.1322372	0.2585776
0.1828268	0.01907647	0.296719	0.2743717	0.155481	0.1282022
0.1668518	0.01214284	0.1344825	0.2738686
0.2279296	0.006965905	0.2558118
0.1397123	0.09489948	0.2328932	0.01045195	0.04203784
0.2595092	0.1602473	0.2771299	0.0182947	0.2672775
0.2624944	0.05421554	0.02061954
0.2936431	0.09516176	0.01395371
0.287057	0.01250554	0.1490567	0.1132726
0.232236	0.1133696	0.02894823
0.03840894	0.07944989	0.009414312	0.2670461
0.2254398	0.02660469
0.2544495	0.009944922	0.086406
0.2318989	0.01083296	0.09911515
0.2255179	0.01388295	0.1065297
0.118089	0.01244978	0.124916	0.2865999
0.1227551	0.02322992	0.1032805	0.2646429
0.07408912	0.02250728	0.1499075	0.2594336	0.04815662
0.03832573	0.02777814	0.1462229	0.2768749	0.08215026
0.08492293	0.03733619	0.1417538	0.3022337	0.1239077
0.04985789	0.01771332	0.2716848	0.08370253
0.09632453	0.01418041	0.2767329	0.07621665	0.1565306
0.1217583	0.01218932	0.4977435	0.1100706	0.274298
0.04544397	0.02392311	0.08334676	0.2509414	0.1049752
0.03154836	0.01240623	0.09480491	0.2298327
0.04316703	0.01984394	0.2534272
0.09079604	0.01445696	0.2478856	0.1437645
0.08737111	0.009371624	0.2404352	0.05695066
0.2044923	0.02420653	0.1028289	0.2570881	0.01628149
0.1445045	0.02505132	0.05418054	0.2563457
0.07318724	0.0139029	0.07436897	0.2152955	0.1392611
0.09005828	0.02648001	0.1318501	0.2253829	0.01139454
0.0818749	0.009694827	0.09972216	0.2426647	0.008103239
0.1290468	0.01698732	0.1713551	0.2540474	0.08077518
0.1547508	0.01404227	0.0432445	0.2531926
0.06500893	0.03054924	0.2715326
0.02317595	0.08703491	0.2545333	0.0191102	0.05771493
0.1460164	0.08798556	0.2345804	0.01499766	0.02997945
0.1279604	0.1186728	0.2447211	0.01176681	0.1389414
0.1092085	0.2367639	0.02540927	0.02068021
0.1506806	0.2632189	0.01517507	0.1296719	0.03440706
0.1394661	0.3620987	0.008332527	0.1327902
0.05428225	0.2872868	0.03048753	0.174365	0.08803447
0.0878092	0.02358349	0.1632949	0.2872579
0.142326	0.1181235	0.2349251	0.04077973	0.02881984
0.1592382	0.1162606	0.2790301	0.006342275
0.1441865	0.1038985	0.3106503	0.02302172
0.07261575	0.09623622	0.2608393	0.01188324
0.1089086	0.1386013	0.3007705	0.009679971	0.2089259
0.1073227	0.1152608	0.00755679	0.2869833
0.08441791	0.1860993	0.02375401	0.2891404
0.2001805	0.1583122	0.01473222	0.2713834
0.06835863	0.0221883	0.2844059	0.1325289	0.07007031
0.1106474	0.01233752	0.336588	0.1623779	0.157757
0.1021048	0.008301996	0.3441479	0.1601847	0.2529123
0.1345384	0.01745518	0.2836888	0.1436133	0.08738339	0.161642
0.07213415	0.02502102	0.2597711	0.1916394	0.09015824
0.1226202	0.298561	0.1500728	0.01040233	0.0985817
0.1991375	0.2623824	0.08268092	0.01628791	0.04733508	0.2891971
0.1277056	0.2575504	0.07705984	0.008779372
0.0795647	0.07046892	0.02411055	0.2859939
0.02085169	0.02258535	0.3326732	0.1322649	0.07558634
0.03709795	0.01788953	0.2554553	0.1410001
0.08830164	0.02511377	0.2554553	0.2023537	0.1024964	0.03076592	0.02196896
0.1014449	0.02304529	0.2189407
0.3080312	0.07296967	0.0336591
0.08910603	0.01616821	0.1267237	0.2900728
0.2984099	0.009865518	0.1056039
0.3176889	0.01174169
0.284194	0.02172198
0.3212935	0.01900824
0.29756	0.05464221
0.3183455	0.01595596
0.3260025	0.02456802
0.1232121	0.03514426	0.3606144
0.02668949	0.01707637	0.3437167	0.04944227	0.1791929
0.1157648	0.01696852	0.3425121	0.08371752
0.06310003	0.03223032	0.3047902	0.08352116
0.07575375	0.02114889	0.360694
0.03850036	0.05733849	0.3508789	0.2449764
0.127253	0.02374194	0.3060596
0.04268089	0.007968885	0.3136656
0.08388158	0.01312966	0.3224831
0.07024563	0.03068968	0.3816996
0.06513762	0.006969575	0.3321581
0.04250191	0.03914633	0.3232459	0.130261	0.1423026
0.08917415	0.04297823	0.3529847	0.07779377	0.03729457	0.007037531
0.1031241	0.03402308	0.3380706
0.05783806	0.03483196	0.3123173	0.09023682
0.1200054	0.02844732	0.3939657
0.2117492	0.07414857	0.2603918	0.01641516
0.2128206	0.1558065	0.01612778
0.2675329	0.01698144	0.06743703
0.2347139	0.07283494	0.009447878
0.2414153	0.01632441
0.1748762	0.03070212	0.104353	0.2823893	0.07937481
0.06966593	0.01540234	0.1773276	0.4091878
0.06555615	0.0284634	0.1393683	0.2583158	0.07193291
0.1080871	0.008708643	0.07218185	0.2575083	0.07337718
0.2288915	0.01328487	0.2787478	0.1268944	0.09014824
0.0371609	0.0121056	0.2693753	0.08267678	0.06894834
0.06950811	0.02966203	0.273207	0.1043516
0.095962	0.01880018	0.269131	0.09135691
0.2493585	0.01860335	0.05635685
0.2697222	0.01726802	0.1143225
0.07532313	0.0155407	0.08296306	0.2342692
0.1135834	0.01029648	0.2915085	0.09842188
0.2396871	0.02142526	0.0784318
0.2742364	0.01374438	0.09948393
0.2891961	0.02117306	0.1517139
0.2603514	0.02540669	0.09024583
0.243899	0.009062574	0.120129
0.2427467	0.02448568	0.1383695
0.07898937	0.02098142	0.2103783	0.2933925
0.09636151	0.008201866	0.2677959	0.05710894
0.350948	0.2677959	0.0126477	0.1164254	0.2163368	0.03761614	0.03906088	0.06704915
0.1232865	0.3026415	0.01792045	0.1599407
0.2609073	0.01233688	0.1326455
0.245046	0.01905298	0.1021261
0.1191175	0.02682846	0.1341245	0.3151589
0.1107771	0.01702648	0.2675423	0.08047562
0.06625935	0.01221606	0.2563365	0.1473536	0.05055269	0.1281825
0.09350002	0.01050329	0.2501082	0.1766621
0.03465181	0.01409166	0.2974389	0.1258971	0.08896477	0.08072113	0.09687393
0.095082	0.009242965	0.2676699	0.1690107
0.08647538	0.02227531	0.3434113	0.1337963
0.08056717	0.01335797	0.2911443	0.1340229
0.07196382	0.01094017	0.2634729	0.1404039
0.1086575	0.02395327	0.3198361	0.1393806
0.1166391	0.2911351	0.0204224	0.1257382
0.1181037	0.2744791	0.0256369	0.1689784
0.2143731	0.4418528	0.01608961	0.1811204
0.1453718	0.4607921	0.2419548	0.01982833	0.02167377
0.1332986	0.3923843	0.1151311	0.01944451
0.1416588	0.4092156	0.1113493	0.01716362	0.02854419	0.07570823
0.1675466	0.3031597	0.01979786	0.1050471
0.2082173	0.2899382	0.01926095
0.0998916	0.3463019	0.01969243
0.08442194	0.2214036	0.02044397	0.3238764
0.174947	0.3275222	0.0312178
0.07386246	0.3138049	0.04280835	0.2664418	0.09196377	0.003420464
0.1362529	0.3217201	0.0194234
0.05343502	0.3011605	0.0349978	0.2278176
0.05848659	0.01427585	0.2947413
0.08052272	0.02687456	0.3362146	0.1213677
0.07986316	0.0364991	0.327778	0.03503746
0.2788794	0.01546998	0.330601	0.05889041	0.09542574
0.07163713	0.02491459	0.2965787	0.1928698
0.059797	0.0352115	0.2913435
0.04880597	0.03080213	0.380625	0.2857362
0.1173581	0.01460767	0.3262678
0.108862	0.04445683	0.3293591	0.4596508
0.1074358	0.02336411	0.3354235
0.08024377	0.01864199	0.3081824	0.107837
0.1038553	0.01852207	0.3243173
0.1690835	0.02334647	0.3676288
0.07357591	0.02283914	0.3344518
0.01623886	0.0303342	0.315097	0.1134968
0.09644496	0.03569963	0.3270671
0.08117698	0.04332836	0.3214373
0.05215225	0.02023105	0.3115707	0.06806244
0.1793413	0.01594096	0.3021937	0.01648696
0.05127986	0.02370991	0.3443199
0.06320132	0.01554273	0.3352381
0.1186239	0.0194573	0.337096	0.2533221
0.0524912	0.03531523	0.2733334
0.09258247	0.02208318	0.271882
0.04578862	0.03565224	0.3613342	0.221456
0.03027727	0.02207394	0.3549522	0.09497748	0.06337425
0.03690237	0.04280923	0.3766145	0.1590253	0.07704602	0.0975927	0.02408871
0.0842816	0.01504012	0.3075358	0.1530711
0.2094388	0.02354654
0.1422524	0.03741371	0.0706834	0.2986224
0.1561506	0.006653296	0.1259665	0.316301	0.1658851
0.3738277	0.0204597	0.1249324	0.2667642
0.2707632	0.03233834	0.1062225
0.2417389	0.01740967	0.1723721
0.2203102	0.09018312	0.01006077
0.2479654	0.1058368	0.008058822
0.2431462	0.1108039	0.02784311
0.2508113	0.01380867	0.1030329
0.2302277	0.01398315
0.2944434	0.01861781	0.1157003
0.07727871	0.01759531	0.1492463	0.3266802
0.0144327	0.00949691	0.1786885	0.2657785	0.1198348
0.2466525	0.1613172	0.2490019	0.03170946	0.09709596
0.1087066	0.278857	0.02563471	0.08849661
0.04813459	0.2945388	0.0209468	0.1288339	0.08855586	0.04513954
0.1332813	0.3000079	0.01128013	0.1059064
0.1371706	0.3460476	0.02604725	0.1799427	0.159012
0.1713617	0.3243955	0.03715081
0.1606093	0.3616898	0.0281929	0.1563642
0.1950504	0.3247537	0.01305952	0.1779488	0.1429869
0.1163488	0.01442482	0.2219869	0.2961389
0.1828196	0.0052054	0.1957492	0.4534198
0.01027368	0.2127522	0.01119371	0.01831231
0.0133203	0.2529511	0.0236121	0.08955296
0.0538809	0.2401774	0.008733168	0.1183085
0.09112588	0.2322792	0.01800215	0.08590847
0.1322436	0.2391294	0.02516097	0.09390515
0.2887661	0.02282926	0.1650641
0.2815175	0.02574331	0.1336818
0.223161	0.01944931	0.08063358	0.2646553
0.239301	0.02419581	0.05124109
0.1240427	0.01549107	0.05657106	0.5171229	0.2441735
0.1080716	0.02406013	0.3777161	0.1930427	0.2037644
0.08754877	0.02414491	0.3393041	0.1790391	0.0711728
0.06580768	0.01338083	0.3412804	0.07916638	0.2483702	0.05639664
0.1020832	0.01486651	0.2792317	0.1125505
0.1084618	0.09655969	0.2683205	0.009295335
0.0824697	0.03609103	0.3155291
0.06721281	0.05781593	0.2816303	0.07641012
0.06777727	0.1003185	0.2853014	0.02177728
0.1751971	0.1495667	0.01918779	0.1501882	0.07365496	0.2906609
0.07642482	0.02710191	0.2540158
0.07904585	0.034935	0.3375321
0.09671444	0.02545739	0.4015484
0.08561993	0.01542588	0.2892977
0.0687997	0.01565328	0.3089086
0.1274418	0.01751522	0.2959708
0.1088771	0.02129147	0.3059944
0.1271743	0.01092781	0.2601829	0.06884759
0.08344555	0.01782576	0.3326104	0.02968525
0.3489777	0.05758469	0.3600931	0.09357578	0.03144367	0.08941046
0.1858009	0.02009992	0.4633792
0.172598	0.00849933	0.4797361	0.1161473
0.1272834	0.01680512	0.4420413	0.1346728
0.07244097	0.443938	0.1367142	0.01202606
0.09342868	0.3816826	0.10211	0.02004987
0.0709412	0.01944469	0.3174524
0.2655227	0.04122721	0.395829	0.1558002	0.3649682
0.1142219	0.03753517	0.3815913
0.04728416	0.04414021	0.3290793	0.1354433
0.04440417	0.01528665	0.3494342	0.09324649	0.1664877
0.04751838	0.007813578	0.3596848	0.1141897
0.1958709	0.0515038	0.3193311	0.05676951
0.09250107	0.01790838	0.2925726	0.09651796	0.01419776
0.1106478	0.01544813	0.3230877
0.1172406	0.02537327	0.2634519
0.1284712	0.01951619	0.2716198	0.07924412
0.06395984	0.02132245	0.1250119	0.2293415
0.09322965	0.01213787	0.06151391	0.2479711
0.05472618	0.008089439	0.2868949	0.08394231
0.1287281	0.02163998	0.3646399	0.1694063
0.06381574	0.02173718	0.4929198
0.08285523	0.008771988	0.3987719
0.05384487	0.09832549	0.4562379
0.07648083	0.03224978	0.4251439
0.1096357	0.02249613	0.4445343
0.05417793	0.03172159	0.4378647	0.02922697	0.129936
0.05832418	0.4255488	0.02077975
0.1572346	0.4158759	0.05046672
0.1101481	0.4591732	0.01447179	0.2176208
0.1809876	0.3972971	0.0443085
0.05809425	0.4035618	0.0272691
0.1192219	0.4081995	0.05068411	0.02498922	0.3473951
0.2595007	0.3794283	0.02318245	0.2453269
0.07956034	0.2835154	0.03324373	0.04797535	0.0147821
0.08859446	0.3924117	0.03896077	0.102559
0.1130847	0.3041342	0.01480999	0.1441861
0.241532	0.01356065	0.1008954	0.1528107
0.06547393	0.0106321	0.07425082	0.234047	0.04300646	0.140373	0.1628341
0.1475571	0.01704984	0.09795524	0.3002185
0.1135729	0.02488166	0.1670462	0.2905752
0.09800492	0.01087054	0.1247917	0.2781537
0.2314536	0.02308279	0.1587676	0.3246438
0.09792586	0.05392848	0.2741953
0.05015842	0.01860554	0.2522172	0.09019028	0.03846835
0.04710603	0.2823715	0.04764336
0.1453461	0.2358172	0.0249216	0.02241043
0.2645465	0.2459971	0.006518295	0.1594993
0.2174617	0.04327093	0.02490334
0.2423374	0.04176367
0.2184847	0.07416521	0.01697314
0.2227191	0.08460813	0.01737244
0.04182037	0.05164532	0.196856	0.008985705
0.1420493	0.2711543	0.02963132	0.1372847
0.02157653	0.2807571	0.01251042	0.1194531	0.03566179
0.09616895	0.2580954	0.005623091	0.1021797
0.1763815	0.2820143	0.02227953	0.129497	0.03162729
0.2493621	0.2985976	0.03298016	0.1980267	0.0387961
0.207611	0.3387602	0.2304944	0.01291468
0.1044599	0.3141969	0.01525242	0.1613339
0.08419733	0.3856156	0.01203913	0.1880838	0.08859857
0.1199173	0.3069846	0.01967276	0.1493039
0.1231196	0.04091574	0.3409534	0.1487693	0.01423498
0.1626892	0.01336193	0.3165446	0.1468485
0.06767097	0.01035791	0.2683277	0.1170746
0.05271149	0.01597525	0.2486083	0.132456
0.04870844	0.02364939	0.1312713	0.2749707
0.07327486	0.01029222	0.2123909
0.0480229	0.02504909	0.1997615	0.2971141
0.08536299	0.02874895	0.3249754
0.04585224	0.009499477	0.3226026	0.0703863
0.119395	0.02591751	0.3318504
0.1108433	0.0464062	0.2858455
0.1088075	0.02584616	0.3898	0.2002034
0.125177	0.01671828	0.3272849
0.1702956	0.01742256	0.3362236	0.1660669
0.2004392	0.01806264	0.3608911
0.07062255	0.02293581	0.3736085	0.0107152
0.0394757	0.02780206	0.3175924	0.1339415
0.201172	0.01184791	0.3492326	0.1312133
0.139962	0.01677638	0.3278154	0.07603103
0.09378635	0.014783	0.3558418
0.05490973	0.04072408	0.3526406	0.03773804	0.1726517
0.1236663	0.01532263	0.3210058
0.01664861	0.2953276	0.02024884	0.2003408
0.06636415	0.3418915	0.01458168
0.1016367	0.336217	0.009410081
0.1063597	0.2756487	0.02591857
0.1658288	0.3195701	0.01503697
0.06862714	0.3333889	0.02547781
0.04574231	0.3705541	0.03864509	0.1754414
0.1259682	0.3409861	0.008995123	0.06251233
0.1355758	0.0243475	0.3060116
0.1449523	0.02772194	0.3526512
0.02850356	0.02987031	0.3233345	0.1022413
0.08663294	0.04553613	0.2350323
0.1287252	0.01016248	0.225378
0.06447736	0.01096289	0.2251646
0.1571194	0.02870425	0.3437338	0.1658214
0.3332214	0.009326237
0.2951874	0.02241074	0.3240158
0.09813171	0.01185169	0.3649714	0.1714266
0.1033681	0.02243631	0.2752652	0.1476217	0.04242483	0.1172214
0.1151558	0.02939413	0.2863768
0.08563046	0.02596709	0.3044209
0.04978846	0.03437259	0.3536322	0.1051626
0.08520222	0.2527645	0.01543731	0.08682298
0.0674586	0.3107257	0.02235959	0.1582382
0.07318117	0.2378951	0.01973944	0.1411691
0.05725259	0.1823322	0.02093338
0.2387764	0.02223951
0.2978196	0.0236999	0.1458085
0.3119924	0.01600081	0.1060267
0.4229781	0.02105287	0.1290287
0.5054453	0.02677928	0.147893	0.4120542
0.4280606	0.01602294	0.1377482
0.3956072	0.005655473	0.1146332
0.1064944	0.01537558	0.3596516	0.1993729	0.1603028
0.01391535	0.01208482	0.3408148	0.164269
0.07068522	0.0172203	0.3312499	0.09901923
0.08021407	0.02731157	0.3130039
0.04750917	0.0200473	0.3140656
0.07812993	0.02431344	0.3350693
0.1123988	0.03561586	0.3161841
0.1046633	0.03891639	0.3190446
0.03767698	0.0194485	0.3469062	0.1053464
0.001092946	0.3214386	0.01436596
0.02088307	0.4143373	0.01915509
0.05273192	0.3953445	0.03330407	0.1167229
0.006055457	0.4051731	0.01117349	0.6483464
0.154184	0.05849626	0.424114
0.4327732	0.05214539
0.4155885	0.03558227
0.274769	0.0304533
0.1450702	0.0286278	0.3238549
0.08934547	0.01590059	0.356908	0.0165162	0.2336249
0.06987677	0.02765277	0.3228185
0.06969114	0.01332891	0.3512952
0.08854319	0.01702606	0.3332118
0.0516964	0.02000296	0.3898432	0.06354295
0.0837882	0.02124689	0.4053337
0.1026232	0.01926852	0.4211355	0.1731978
0.2967323	0.009234807	0.4093119	0.1767108	0.1521902	0.05545564	0.1147654
0.07421828	0.03502776	0.2996237	0.1411559
0.1645919	0.02134419	0.3531745	0.1354631
0.1584345	0.01680317	0.075935	0.2364613	0.05751427
0.1365922	0.02153075	0.1037884	0.2703953	0.1124762
0.08203157	0.03480121	0.1069758	0.2639315
0.09369997	0.009242055	0.1577821	0.3166075
0.08992126	0.007059789	0.08279336	0.2604506
0.2924819	0.02734347	0.1378435
0.2388806	0.03175652	0.126279
0.2449534	0.01518198	0.09127537
0.2596268	0.01304891	0.07592777
0.2653896	0.02853044	0.08027853
0.3261448	0.0101936
0.2830892	0.02683912	0.3028498
0.3329306	0.01141735
0.3353476	0.0152223
0.3384338	0.04168881	0.3244181
0.3147062	0.01775405
0.3213361	0.0166738
0.1215317	0.02213873	0.3225291	0.210754	0.09821816	0.1287929
0.1210713	0.02332655	0.4195365
0.1537962	0.02139351	0.3707038	0.1903942
0.3248058	0.03039704	0.3631587	0.2378877
0.3311423	0.02614827	0.3247219
0.1013418	0.02185151	0.3090735	0.1939241
0.1259661	0.02068088	0.3142765
0.1596444	0.0199263	0.3413365
0.07465529	0.06207257	0.3496175	0.3197969	0.01261855
0.1492136	0.4168108	0.01719435
0.05416401	0.3497669	0.01747755
0.03437102	0.3144623	0.03436278	0.1411544
0.1263311	0.3571072	0.02752455
0.07180559	0.03268001	0.3242274
0.104729	0.03505227	0.3265672
0.153824	0.03746977	0.3126153
0.1103522	0.02701423	0.3225058	0.09462501
0.0863069	0.3202929	0.02660116
0.1528233	0.3301153	0.01529194	0.02827063
0.09886375	0.3247825	0.02069355
0.09051605	0.3399759	0.008201386
0.08685203	0.3570623	0.04432458
0.07257491	0.3086387	0.01293548
0.4373575	0.0440189	0.2981055	0.1342682	0.1561278
0.06849663	0.02379577	0.3210991	0.1121169
0.09044304	0.04918993	0.317065	0.05045567
0.04244504	0.01259659	0.3097186	0.198946	0.03650008
0.07945578	0.04507039	0.3922406
0.123232	0.03094593	0.4055618
0.02037625	0.01619625	0.4056705	0.1134564
0.1394071	0.02868314	0.4232798
0.2024396	0.01934068	0.4910173
0.1000043	0.01408449	0.4558246
0.1869496	0.02832536	0.4143468	0.1262969
0.1072499	0.0110071	0.3921288	0.1883777
0.03069895	0.03156181	0.3371267
0.05568881	0.02516433	0.3486237
0.09630104	0.01564854	0.3334783	0.05176215	0.2205473
0.1187844	0.02397525	0.3619803	0.06370264
0.0820403	0.02163676	0.4349443
0.08723149	0.02323969	0.3333209
0.02017462	0.01724025	0.3765119	0.1476089
0.1297177	0.02608225	0.4533973
0.1180133	0.02843193	0.4498909	0.1874898
0.0873846	0.01524128	0.4135033	0.1339274
0.1235815	0.02510063	0.4606562
0.1520998	0.0383855	0.4886606
0.1648022	0.02607883	0.4999104
0.1249476	0.04574298	0.4854848
0.1443663	0.0368406	0.3698866
0.09185711	0.3016149	0.04421853
0.07545889	0.01446457	0.3359731
0.07619084	0.007215726	0.3422849
0.3374866	0.01778696	0.32519	0.01619617	0.02671741
0.1858484	0.02280508	0.3083631	0.0590166	0.1394775
0.04196093	0.02110542	0.2492675	0.1088939	0.03762645
0.07203294	0.01292887	0.2911136	0.1039879	0.005469144
0.1041912	0.0142321	0.2911136	0.1112021
0.1116848	0.01099408	0.2037632
0.1916778	0.0176124	0.0629294	0.2150484
0.1194379	0.04533937	0.3280873	0.153197
0.2430016	0.01466226	0.3111028
0.09246561	0.01088958	0.3631104
0.01527543	0.02141845	0.3732188	0.1654541
0.08869131	0.006632442	0.3732188	0.09622416	0.04739775
0.1156874	0.01277672	0.3311933	0.07980568
0.1339412	0.01329027	0.36231
0.1007182	0.03255175	0.3012893	0.302491
0.02319722	0.05849851	0.3686192
0.2482136	0.01644575	0.3169104	0.166662
0.07953049	0.007610491	0.3229929
0.09323528	0.03645501	0.3348812	0.01944316
0.1799173	0.01885093	0.3348812
0.07979596	0.02668597	0.3456673	0.1542275
0.1534127	0.02229822	0.256763
0.1974228	0.03133816	0.370748
0.130847	0.008991819	0.3443079
0.1439879	0.02599632	0.3671255
0.1029308	0.01699517	0.338169	0.1580981
0.1115652	0.02079404	0.343493
0.08739235	0.01984583	0.2663276
0.1377989	0.02570067	0.3169936	0.1256611
0.03234772	0.02067003	0.3581745	0.1183704
0.1367853	0.06783765	0.3059932	0.04527059	0.1009076	0.03161712	0.04153469
0.07145807	0.01647502	0.3096181	0.1746529
0.05751901	0.01978342	0.3251704	0.20235
0.1125154	0.07099773	0.3430943	0.05967667
0.1088308	0.3414308	0.03323466	0.1144528
0.08547532	0.4122771	0.01442993	0.1821888
0.07755232	0.3118783	0.03670025
0.08465028	0.3543571	0.0265921	0.2186949
0.1499694	0.3452894	0.2322662	0.04421681
0.2245133	0.351226	0.01748334
0.1289853	0.009074336	0.3166152
0.0629749	0.02832419	0.3266676	0.1034818
0.09223565	0.03021321	0.2973939
0.08505968	0.05101696	0.3244716
0.09037721	0.03303226	0.3585708
0.1156013	0.02171555	0.3353717
0.1178964	0.03424826	0.3996337	0.03321936
0.1088011	0.02010827	0.3450218	0.1925271
0.09574666	0.0293062	0.4013941
0.1611183	0.03123324	0.4370178
0.1627487	0.02603739	0.455968	0.1210405
0.09636147	0.03136557	0.4087415
0.1077939	0.01896256	0.410171	0.08011973
0.1204727	0.01376087	0.413879
0.06214284	0.01420466	0.413879
0.1030261	0.008348725	0.4134128	0.1069578	0.1840481
0.09784931	0.03105915	0.40758
0.1303313	0.005195225	0.407496
0.1445599	0.4494706	0.02092258
0.2574343	0.3675431	0.02400297	0.1253511
0.1558107	0.3352581	0.03043004
0.1871698	0.3736816	0.02872701	0.06708736
0.1133006	0.3236464	0.08940781
0.09496914	0.3216329	0.06620411	0.04967754	0.01260239
0.08472728	0.2786573	0.03120481
0.1116221	0.3319635	0.008226773
0.05543362	0.31289	0.02493466
0.05222277	0.3121683	0.03528258
0.1677162	0.3785879	0.03172396	0.2259065
0.08334067	0.01428713	0.130949	0.3499505
0.1329422	0.01208792	0.3290039	0.1820083
0.09828874	0.02849111	0.4191087	0.05196139
0.1537876	0.006023761	0.4410325	0.023812
0.07315219	0.02154305	0.3898462
0.156277	0.01313339	0.3174474
0.08097302	0.0196341	0.3496567
0.04525866	0.03037495	0.213291	0.4083217
0.09427436	0.0448847	0.4170871	0.2461809
0.148491	0.02809847	0.5283646	0.1719721
0.1159359	0.01841388	0.50055
0.1146559	0.03399284	0.4096698
0.07967655	0.01593323	0.4635243
0.1667234	0.01037316	0.5107823
0.1254271	0.02241467	0.4108905
0.2073391	0.4368915	0.01773607
0.06115187	0.4334733	0.05312951	0.2171641	0.08842867
0.0806794	0.4334733	0.02508457	0.1142975
0.05928698	0.3693269	0.07879473	0.01628185
0.1178172	0.2879847	0.03386169
0.04543992	0.4008517	0.02327193	0.3121096
0.008479278	0.2902282	0.03076117	0.05845057
0.08531827	0.2976314	0.02240339
0.07573677	0.2808341	0.04278504
0.0847743	0.293076	0.01596834	0.0861938
0.2145515	0.3078978	0.0474464	0.08378647
0.08536265	0.2773382	0.04759635
0.1498784	0.3017901	0.02028111	0.1973132
0.08465298	0.3484061	0.02219024	0.283727
0.0769537	0.3745756	0.01074322	0.07271439
0.06507556	0.3441889	0.02119517
0.07198852	0.3430443	0.01744765
0.01955388	0.3481778	0.0261631	0.08288585
0.1541918	0.4193253	0.02912393
0.08962173	0.4105564	0.02006274
0.1246085	0.4105564	0.0212848	0.003461051
0.09651978	0.453163	0.05276142	0.0443406	0.1661411
0.1480388	0.4458643	0.02009934
0.08478259	0.3902216	0.01064074
0.04164285	0.4108361	0.02012903	0.2348753	0.04121767
0.06849279	0.4212618	0.08195227
0.1479839	0.3612709	0.02452765
0.1712971	0.3373174	0.02921073	0.2255508
0.1512676	0.01717368	0.3680808
0.2305406	0.02392143	0.3651876	0.09011972
0.09676474	0.03646461	0.3134292
0.1437279	0.01498124	0.310004
0.01404558	0.005617712	0.3829982	0.1156358	0.169393
0.1230165	0.01553066	0.334963
0.08542159	0.00851626	0.3220416	0.03749612
0.1638447	0.2946438	0.01116403	0.1317635
0.1467528	0.2629109	0.02006004	0.1218323
0.2265496	0.2499217	0.0800765	0.01502452	0.2138553
0.1036282	0.2872517	0.1356856	0.01429427	0.1240536
0.09555042	0.2721772	0.09505645	0.02522398	0.04224834
0.140967	0.3126137	0.1150311	0.01272642
0.09950851	0.2741559	0.07978439	0.02221901
0.1119736	0.2491426	0.1247237	0.02184769
0.1265362	0.2581608	0.09182509	0.01488998	0.1076679
0.08214605	0.1065461	0.2555718	0.01417668
0.08526015	0.3227727	0.02256718
0.1400716	0.02506606	0.3214234
0.2435895	0.02747677	0.3434465	0.0713721	0.217443
0.0984417	0.03718374	0.341182	0.1365595
0.247507	0.03715804	0.3095832	0.1037202
0.1362536	0.01645732	0.3436859
0.1403984	0.0154578	0.3436859
0.03023536	0.009392526	0.3633878	0.1511376
0.1686523	0.0262401	0.3604094
0.09480683	0.05313124	0.3529337	0.02227618
0.06137592	0.02254638	0.2723566
0.1333031	0.02075115	0.330513	0.1185671
0.08217574	0.0265472	0.3245616	0.3073704
0.1352795	0.3314546	0.01022899
0.1021738	0.3701013	0.01808494	0.02529043
0.04414738	0.3273227	0.03166827	0.04360347	0.04076566
0.08812162	0.03863744	0.3117762
0.0745613	0.006277668	0.3391711	0.1057589
0.0728778	0.01701994	0.3181565
0.1085976	0.01135263	0.3588008
0.08797932	0.04298856	0.3674861	0.1848234
0.1811611	0.03331485	0.3814324	0.01472898
0.1327632	0.1031226	0.008095913	0.3021599	0.02676064	0.06287338
0.09433057	0.08036158	0.01562603	0.2855056
0.02219878	0.09135083	0.00779367	0.2329681	0.04636225	0.08484482	0.2632046
0.1179673	0.05871149	0.02733983	0.263424
0.112242	0.05184036	0.2713696	0.02462715
0.04948593	0.08214828	0.2934717	0.01078867	0.047023	0.008686569	1.359025
0.1124015	0.1195749	0.01870871	0.2571922
0.08785308	0.1404479	0.02359596	0.2636784
0.09268564	0.1311789	0.05018237	0.2793777	0.01799852
0.07358184	0.04945198	0.2683014	0.1378904
0.06524067	0.04687854	0.3665704
0.1267406	0.01546316	0.3172071
0.06013141	0.02054559	0.3293225
0.07020618	0.02199317	0.3536329	0.2002721
0.1271726	0.01795408	0.3536329	0.1580302
0.07490143	0.0304038	0.3208018	0.1436199
0.1235885	0.02918784	0.3306	0.02818013
0.1267616	0.01558709	0.3601764
0.08033283	0.03047396	0.3263271
0.1576595	0.02144141	0.3060205
0.1381955	0.01024692	0.3427355
0.127812	0.02317113	0.3483328
0.1679446	0.01726391	0.4232194	0.2681995	0.09569646
0.1924992	0.0251352	0.4357754
0.2021576	0.02005668	0.4193442
0.1746058	0.066063	0.3971689
0.06128928	0.02136692	0.4159839
0.1393441	0.02356511	0.4159839
0.1237655	0.03100637	0.4321281
0.0971504	0.04203428	0.4203335
0.08738029	0.01515027	0.32805
0.1715136	0.03082174	0.3041148
0.1233596	0.01169975	0.2612207	0.07713744
0.08814982	0.04042244	0.2832244	0.05773971
0.1009989	0.1920084	0.01400742	0.0719922
0.07015748	0.01492177	0.3546106	0.2194944	0.02405508
0.03688442	0.02139622	0.3254951	0.08735101
0.1481955	0.02789817	0.3571453	0.1334373	0.003378464
0.1343926	0.3354638	0.02453415	0.08115672
0.1817453	0.01954966	0.2629388	0.379886
0.04475465	0.04512017	0.3049109	0.05467693	0.1463789	0.1281855
0.1134923	0.02396737	0.3502557
0.136186	0.03314036	0.3172436	0.08662997
0.06742628	0.03420021	0.3470615
0.2961675	0.01957886	0.157378
0.3067731	0.01627073
0.3375394	0.02372672
0.2960852	0.009795317
0.3621742	0.02451694
0.3351144	0.01837744
0.3254541	0.0119528
0.2799375	0.02998139
0.3139301	0.03377778
0.4362044	0.01745931	0.3244988
0.3423704	0.01569111
0.3327261	0.02587613	0.249731
0.3055518	0.01611537
0.3250772	0.02335989
0.2589034	0.02051477	0.3386317
0.2965761	0.04439396
0.2909311	0.01660899
0.02819506	0.01875541	0.3009995	0.02543594
0.3057961	0.00980478
0.3323111	0.01705277
0.2858773	0.02492212
0.3155899	0.01945835
0.3262763	0.03542278	0.2122567
0.07871205	0.3096523	0.02772741
0.1911224	0.2933238	0.02339933	0.04209949
0.09432534	0.32441	0.06043039	0.02319997
0.0508351	0.2852238	0.02328409
0.06296217	0.3349364	0.02690158	0.02455442
0.135849	0.3531626	0.02555516
0.1207525	0.294722	0.02593194
0.175562	0.294722	0.03372709
0.1975376	0.3255394	0.01788451
0.05814326	0.3150269	0.03378831
0.04332232	0.3366446	0.03238455
0.04389208	0.2441339	0.02886908	0.3286464
0.03669279	0.02566199	0.2925888	0.09212682
0.1878124	0.03587628	0.3510506	0.1582537
0.09375801	0.2949491	0.01015185
0.07120781	0.3431673	0.02414878	0.1037481
0.128515	0.3431673	0.007806966
1.212558	0.3732996	0.01146635	0.09426777
0.1346699	0.3151204	0.03195667
0.1579287	0.394253	0.01666435
0.1716653	0.3775338	0.04316711
0.07183367	0.3503729	0.01624767
0.1298537	0.4514297	0.02401818
0.07075947	0.4540505	0.02382986
0.2376383	0.4540505	0.07895921	0.01237231	0.09499546
0.07907514	0.3557571	0.03007656
0.226919	0.3925852	0.08390025
0.2339078	0.3521295	0.02548475
0.2838978	0.02515971
0.3524538	0.02615657
0.312063	0.01635869
0.3059588	0.0121223
0.1180093	0.01316817	0.325189
0.1832708	0.02003078	0.3484397	0.1939998	0.09395921
0.1149412	0.01921721	0.3366298
0.1071777	0.02083236	0.3320764
0.05556189	0.01759339	0.3110145	0.2186949
0.1771857	0.0475366	0.3678875	0.06370256
0.5788026	0.02107734	0.3521507	0.07649604	0.3823189
0.1307186	0.01823652	0.3167908
0.09552289	0.01889263	0.351957
0.1141654	0.02267848	0.3687816
0.1160627	0.01773527	0.3687816
0.1328717	0.02694526	0.3620361
0.1374028	0.03119315	0.3473107
0.07228424	0.01881008	0.3464883	0.3686687
0.1338309	0.02397684	0.3301687
0.2285417	0.0177273	0.3387393	0.4364706
0.1319347	0.03927538	0.3520141	0.2965754
0.1023189	0.3128216	0.008674756
0.1131819	0.3337053	0.02898109
0.1429536	0.2909799	0.03005019
0.07949366	0.3599402	0.05128864
0.1803791	0.3511345	0.02377223
0.1434919	0.3012968	0.0218862	0.07500086
0.06101957	0.3400431	0.01676906	0.06758374	0.237331
0.1064166	0.2247078	0.01481462	0.1009113
0.0914938	0.2473189	0.009924055	0.09867032
0.04818836	0.2339367	0.03102929	0.08691674
0.5917236	0.02178444	0.1480534	0.2814317
0.02140808	0.01103751	0.1629205	0.2758173
0.2958211	0.02884759	0.1529915
0.1115968	0.004436436	0.05922776	0.2478365
0.2967094	0.0773866	0.01709058
0.264088	0.1154785	0.007662992
0.1899862	0.1063879	0.008426463	0.2513192
0.1099628	0.1048173	0.02455285	0.2558971
0.1162376	0.03122568	0.2957067	0.1212675
0.1111073	0.02639577	0.2741947	0.14443	0.03192665
0.07251205	0.01244659	0.3146067	0.1521725	0.007154607
0.03921012	0.01359041	0.3272919	0.1720585
0.0741151	0.01386691	0.3524533	0.216299	0.082915
0.09285665	0.02661722	0.2582791	0.05355299
0.1427492	0.2734932	0.08807268	0.09358517
0.08781175	0.322785	0.03379413	0.02057046
0.2875382	0.04045624
0.2367075	0.1412565	0.03017097
0.2250659	0.02491327
0.3328057	0.009114398
0.06557549	0.03302397	0.2885075
0.1227817	0.02375923	0.2855735
0.2038438	0.02595599	0.37856
0.09408555	0.04587929	0.3863807
0.1561134	0.0198138	0.3066375
0.09627455	0.04374663	0.353523	0.5942004
0.07234659	0.03736752	0.351118	0.2459467	0.1229543
0.03925845	0.03014573	0.2881647
0.05210294	0.02019333	0.3931965
0.02030488	0.03469991	0.3315026	0.05784599
0.1605758	0.0284679	0.2910601
0.1070633	0.01644464	0.3176492
0.1780365	0.02462532	0.2050084	0.2878437	0.1362392
0.1695265	0.178703	0.2968616	0.01377057	0.1098569
0.3730191	0.1621247	0.3843836	0.02389048	0.2111655	0.02326257
0.1131237	0.06401834	0.2712796	0.00598713	0.02526013
0.08936263	0.04450186	0.2591959	0.01616093
0.1431791	0.05988551	0.2102947	0.008951229
0.04713926	0.02733712	0.2320274
0.1020605	0.08658843	0.2503097	0.01296494
0.1250112	0.1424703	0.2689202	0.012918
0.08677735	0.09313714	0.2557525	0.03843339	0.05681865
0.1456195	0.126953	0.2926855	0.02358068
0.1074132	0.08357712	0.2753614	0.00988998
0.3020043	0.09341123	0.009462157
0.2331612	0.09680459	0.01249319
0.3314526	0.0231324
0.2650525	0.01360984
0.1421106	0.01535685	0.409928
0.4986117	0.03477203	0.3993777	0.1177597	0.1246995
0.1297976	0.01075028	0.366383
0.063776	0.04129929	0.3216774
0.05848608	0.0176594	0.310471
0.0956849	0.03983404	0.3436297
0.1133838	0.01633418	0.3017294
0.05547827	0.01738957	0.3135145
0.1118723	0.01785686	0.390235	0.2453221
0.1495146	0.0346333	0.1984989
0.1401776	0.03256036	0.3463971
0.05677899	0.03218869	0.3199678	0.06883451
0.1012915	0.02473985	0.2818394	0.1260845
0.03520327	0.009218658	0.3742296
0.07177703	0.02393661	0.3327097	0.08813085
0.3057242	0.03087455
0.3299875	0.0212505
0.3274449	0.02619195
0.1816269	0.06516376	0.3128209	0.147407
0.416557	0.0163254	0.3210914
0.185634	0.01530336	0.2876833
0.07295361	0.01614806	0.3194864
0.09840557	0.01599185	0.3308743	0.146874
0.1167424	0.02610856	0.3354484	0.1443238
0.06970609	0.3202497	0.05890418
0.07290591	0.3094845	0.01546112
0.07424621	0.3344096	0.01682537
0.03284572	0.3184263	0.04957379	0.09962591
0.004829415	0.2871581	0.01015878	0.1546294
0.001568599	0.3207432	0.02238054	0.1224929
0.09388743	0.3229764	0.02348816
0.06455339	0.2801169	0.01156785	0.1894171
0.0621261	0.3183176	0.01546001	0.1110811	0.01715358
0.07722085	0.3721127	0.02028556	0.1446185	0.2740024
0.07111473	0.2811261	0.02147248	0.07911106
0.07003495	0.247567	0.02789278	0.08929218	0.007211763
0.368199	0.3872678	0.07398689	0.01556842	0.210035	0.07607698	0.06901116
0.1530775	0.2940977	0.1156524	0.01949583
0.113417	0.2909552	0.1481825	0.01185312
0.1425842	0.3097087	0.1523363	0.01929772
0.09326784	0.3119814	0.007876295	0.1907644	0.09310827
0.08753617	0.01743485	0.1891534	0.2708315	0.04549623	0.04429673
0.06687184	0.01137304	0.11942	0.2721526
0.04988483	0.01631402	0.08617251	0.2781794
0.08411043	0.01884905	0.2797722	0.1429411	0.257342
0.09543075	0.01816372	0.3057218	0.1418648
0.1278615	0.01931702	0.2986918	0.1718859	0.1823509
0.07094025	0.0264556	0.2689846	0.1539724
0.1092549	0.01929952	0.3207654	0.2078736
0.08570073	0.01086181	0.2840603	0.1441648	0.02134011	0.05630996
0.05713131	0.0211294	0.358361	0.1810618	0.07275808
0.0595883	0.01110783	0.3545755	0.03881312
0.06468276	0.3096146	0.01564531	0.1261411
0.1407796	0.2895215	0.02920971
0.07900759	0.284132	0.03382566
0.04966883	0.3875042	0.02595753	0.2721924	0.1309859
0.1656464	0.3417299	0.03805434	0.2588392
0.1669904	0.01053186	0.3593214
0.05746719	0.007899397	0.3272864
0.1410179	0.0184482	0.3262632
0.03493513	0.03043857	0.2961742	0.02725171
0.1093023	0.02153274	0.2997674
0.05358293	0.0122527	0.359916	0.036885
0.03591874	0.04156248	0.340503	0.08435019
0.09528699	0.01805486	0.3281032
0.1332109	0.01403621	0.3229846
0.0876458	0.03781223	0.4068555	0.01792734
0.1296626	0.01726302	0.4950821
0.1499367	0.01965946	0.4623522	0.1854979
0.130474	0.02553853	0.4373185	0.1367655
0.1471351	0.0191632	0.5055372
0.04212265	0.0327085	0.4160342
0.1338097	0.01093308	0.3792719	0.2347021
0.1049034	0.01566652	0.3391194
0.07215585	0.04077675	0.2534925
0.09667379	0.02091564	0.3167769	0.1631508
0.0909512	0.013508	0.2861944	0.08556936
0.1766996	0.3126629	0.1532974	0.04176065
0.08768314	0.2345472	0.05278413	0.0291253
0.2218072	0.01818604	0.1967226	0.1564912
0.2091932	0.01441345	0.1520712
0.2598331	0.02004207	0.08501192
0.11538	0.01196188	0.06584581	0.3309895
0.2092776	0.06758715	0.2626943	0.02296263
0.1213393	0.1565947	0.2626943	0.01186147	0.009474278
0.08374911	0.1119576	0.2597545	0.02711281	0.2338798
0.1346298	0.1252486	0.2857668	0.02633231	0.09099353
0.1991955	0.1889331	0.01387734	0.3471898
0.2968895	0.07023277	0.02221508
0.2575567	0.3861483	0.02576459	0.1603599	0.08201978
0.4896252	0.01421942	0.1908992
0.3324675	0.02455022	0.2817625
0.2366856	0.01463413	0.09267824
0.3577037	0.0103649	0.1592333
0.3554535	0.004515723	0.08696292
0.2131632	0.005848104	0.09602368
0.247047	0.009542201	0.1623587
0.2007202	0.02685672
0.08664883	0.03403716	0.2986326	0.1659181
0.06706966	0.2555017	0.03330555	0.02656209
0.02350752	0.261369	0.01571642	0.01791686
0.03861231	0.2070719	0.02201102	0.06751329
0.1162893	0.2258838	0.0238321	0.00646388	0.1852442
0.2815146	0.03855756
0.2202953	0.0342156	0.1672632	0.009141309
0.2468036	0.01768534	0.06616512
0.1813423	0.01098363	0.1447826	0.330036
0.08794595	0.01183496	0.1235318	0.263635	0.01683143
0.1260818	0.02021556	0.2602057	0.1093023
0.119983	0.0166117	0.1135558	0.3215527
0.02536018	0.01480003	0.1255427	0.3072467
0.07707065	0.01535516	0.1647613	0.3192335
0.1151034	0.02702345	0.1232545	0.2577607
0.04254331	0.02895555	0.1224709	0.2354197
0.06664905	0.01379039	0.06269905	0.2698274
0.1028484	0.01498202	0.1392228	0.2806158
0.1154752	0.2417742	0.06225746	0.04555896
0.2894107	0.04236767	0.2146057
0.3125287	0.01599984
0.3106344	0.01763018
0.3374094	0.0153298
0.3678014	0.01938855
0.3874659	0.03200118
0.2916497	0.01136722
0.3371988	0.02566065
0.2971373	0.02794531
0.3373573	0.01469283
0.3160248	0.0210793
0.1226496	0.02619997	0.3057633
0.3062139	0.02206702
0.1400901	0.01752162	0.3122539
0.08744817	0.0218584	0.2839918
0.1132125	0.03254385	0.3042197	0.1645117
0.1423268	0.01030901	0.3114829
0.09186082	0.02154782	0.3372927
0.3686668	0.018571
0.09237373	0.0178967	0.3136148
0.07013524	0.009473019	0.3321784
0.08008525	0.02026653	0.3321784
0.09854538	0.01650806	0.3548816
0.1909216	0.02707639	0.2271739	0.4438749	0.02516198
0.09582277	0.02113108	0.4287743
0.1726172	0.01552347	0.3712256
0.02482206	0.02003678	0.4081174	0.04084911
0.2096154	0.01641635	0.329609
0.1106382	0.005885613	0.339242
0.06213883	0.02193794	0.3307892	0.09940078
0.07794597	0.01207874	0.3300036	0.09964183
0.08681648	0.01175752	0.336242	0.1261896
0.1021944	0.03769185	0.3882254	0.25409
0.183303	0.02531813	0.3399847
0.06934041	0.01709941	0.2977529
0.05688206	0.01631903	0.3381637
0.07187272	0.03193179	0.3407753
0.0834851	0.02117556	0.2995487	0.1689212
0.06036934	0.0175057	0.347835	0.1240822	0.0985938	0.01746727
0.2634161	0.02741021	0.2334506	0.1483977	0.05662994	0.3293782
0.1561132	0.01169921	0.2167923	0.3308444
0.1051938	0.3610478	0.03658846
0.1038052	0.3782442	0.008149835	0.1408252
0.1056297	0.3863763	0.01880067	0.2026598
0.05316883	0.2939474	0.02222354
0.1636459	0.3422814	0.0233093
0.04079495	0.3537808	0.02721	0.06928878
0.1247474	0.3199133	0.02287034
0.1098362	0.318893	0.02317719
0.09874834	0.3387673	0.0140181	0.0489468
0.121369	0.3341918	0.02394276	0.2656771
0.06762809	0.3472597	0.02527431
0.07795759	0.3280025	0.01257894
0.07493057	0.2888298	0.01133966
0.07152374	0.328856	0.0126649	0.06867836	0.01540957
0.1247845	0.1976219	0.03996617	0.09441592	0.009907249
0.2166933	0.02273984	0.1427933
0.237606	0.0312804	0.00923445
0.2207784	0.02983287
0.2262608	0.05728667	0.2840645	0.1271738
0.1649171	0.03084642	0.3375955
0.08263454	0.02092261	0.3352251
0.1576141	0.2899449	0.01834797	0.1154654
0.3287379	0.4043899	0.0198311	0.1542308	0.006406722
0.08940387	0.3014006	0.03005364
0.1307754	0.3249105	0.03929186
0.1266261	0.2788527	0.07665421	0.02751792
0.09949904	0.3044035	0.01261367
0.1504445	0.3693904	0.01411971
0.1534285	0.3076472	0.01548422
0.08065719	0.3387462	0.03289207
0.2010564	0.3415003	0.02432912	0.09295594
0.1003418	0.317295	0.01776362	0.1331959
0.05463328	0.2486154	0.00889673	0.1444454
0.07599091	0.004281193	0.07842945	0.2602513
0.3008532	0.05998655	0.2409317	0.06278433
0.1036268	0.2708593	0.006198042	0.1078281
0.08393464	0.2402517	0.02033509	0.09659885
0.1353709	0.07882559	0.02014758	0.3098204
0.0691981	0.146254	0.02466593	0.2746336
0.05734836	0.1386329	0.006981717	0.2838214	0.1575803
0.04103997	0.007082762	0.3322884	0.0965622	0.1543634
0.1417541	0.03114474	0.07666568	0.254257
0.1394632	0.01180404	0.07322728	0.03918541	0.2406825	0.2078522
0.05013741	0.02421375	0.08238272	0.2503419
0.06456369	0.02196687	0.1836502	0.2451664	0.3074161
0.1073856	0.01562397	0.1311802	0.3008625
0.1214138	0.01967764	0.09273305	0.2610343
0.120135	0.02972766	0.1005041	0.2810465
0.0176407	0.01750178	0.08704769	0.2732363
0.01029207	0.1313666	0.2382624	0.01821942	0.06230555	0.2781591
0.1275413	0.1033081	0.2803587	0.01262728	0.04575768
0.1621565	0.2064715	0.2516966	0.01442339	0.04754049
0.1736082	0.2516254	0.03557655	0.07638035
0.08733976	0.2975872	0.06101879	0.01740373	0.02934375
0.08650752	0.4773816	0.01493348	0.2231319
0.1790301	0.385869	0.02500705	0.1391992
0.1604894	0.01793573	0.1957637	0.3696251
0.01036985	0.02635337	0.132989	0.3098536	0.1917863	0.06291159
0.005163062	0.02384547	0.1619753	0.3036414	0.1393703	0.113585
0.0341685	0.01767217	0.1606433	0.3043762
0.1312123	0.02561279	0.08853642	0.2265345
0.02829393	0.01780475	0.1181206	0.2718368
0.04048249	0.02067594	0.1086814	0.2562202
0.02980306	0.0148619	0.09434198	0.2537095
0.05796577	0.02822259	0.3078167
0.07093383	0.00784456	0.2926646
0.03960292	0.05074134	0.3019461	0.07305384
0.07191889	0.01914152	0.3641152	0.3066843
0.07506196	0.03770374	0.2900089	0.04570462
0.01491054	0.0228689	0.3543529	0.1240367	0.2721007
0.1033553	0.01791694	0.3138765
0.1867016	0.02380219	0.2872778
0.1667571	0.02129246	0.3049055	0.1648538	0.137984
0.1064505	0.01977443	0.3493042	0.07927387	0.3000015
0.1324215	0.02919253	0.3335228
0.1401374	0.3496816	0.02670245
0.03785809	0.3089576	0.01990366
0.05673324	0.3156948	0.0253775
0.1059341	0.354832	0.02311923	0.1562697	0.05845305
0.07237775	0.3712035	0.02949548	0.1469635
0.05546237	0.3601099	0.01499143	0.1552222
0.1044795	0.3387018	0.01943083	0.07134901
0.1127217	0.3383632	0.009237559	0.007845014	0.2005891
0.4116775	0.01555425	0.1227081	0.3158662	0.005305919
0.08300074	0.01427721	0.3144844	0.2232932
0.1112581	0.02495487	0.3424307
0.1271916	0.02870823	0.3190043
0.06115399	0.009347079	0.3151949
0.1585634	0.02270435	0.3896241
0.08372253	0.02185958	0.4178136
0.1739833	0.07039583	0.4671128	0.1883847
2.652521	0.02285164	0.523534	0.1646065
0.09974622	0.01733395	0.4991026	0.1684523
0.1886605	0.04194819	0.436589	0.04498857
0.1992231	0.05778276	0.4115162
0.09703309	0.3946503	0.02456816
0.1442257	0.2262532	0.08493025	0.01248982
0.06808032	0.1021435	0.017445	0.2841893
0.1491509	0.08413376	0.01790983	0.2550239
0.3340176	0.09910934	0.2825372	0.01236961	0.08314056
0.1024936	0.163058	0.3147884	0.009431955
0.1586105	0.1769802	0.346873	0.02051253	0.1118836
0.1636389	0.3470142	0.02580876
0.1961698	0.3289561	0.01498562	0.349705	0.08036164	0.01192121
0.1724396	0.02365218	0.2702002
0.2249501	0.01494738
0.100055	0.01508947	0.180213	0.360361	0.144729
0.1213315	0.02803875	0.2428984	0.4037547
0.03188971	0.0115503	0.3328395	0.1021437	0.1411967	0.07051483
0.1557144	0.01006928	0.364106	0.1741086
0.03654294	0.0220867	0.3247573	0.09340585
0.1026562	0.0258283	0.3692557
0.1044266	0.02049951	0.4700383	0.0932689
0.3379033	0.04034058	0.4684427	0.4886616	0.1429589
0.3309973	0.01472988
0.130472	0.01867401	0.323482
0.06809351	0.01282076	0.3104543	0.1450422
0.06228399	0.03123654	0.289831	0.2872506
0.04963203	0.04304676	0.2845686	0.003312501
0.08292137	0.3452795	0.03609371
0.2792829	0.3270279	0.1495053	0.04399731	0.07232837
0.09152653	0.3056572	0.0135851	0.2495956
0.1144643	0.2925211	0.008544715	0.1027739
0.05787785	0.3207652	0.02111706	0.1991669
0.09120829	0.3024176	0.04739537
0.07579952	0.02682529	0.3275727	0.05423364	0.05089609
0.02529371	0.2421937	0.01705137	0.1813898	0.3674569
0.1940404	0.194265	0.4355058	0.308487	0.01672917	0.1004483
0.07453481	0.09082824	0.01157705	0.2650018
0.04095151	0.2638731	0.03388552	0.01929029	0.109782
0.06219535	0.2436746	0.07112785	0.01512188
0.1533897	0.2973029	0.07420731	0.008717615
0.02522396	0.2790555	0.0796414	0.03033688	0.1413243
0.01558013	0.01754408	0.2297526	0.04297873	0.1515276
0.0562154	0.2190429	0.01691808
0.02617585	0.06722905	0.009270442	0.09432056	0.3506838
0.2276294	0.01689897	0.1111611
0.06839729	0.02047508	0.09909401	0.2403808	0.1074962
0.08459224	0.02080147	0.066211	0.2552944
0.04652087	0.01105589	0.1296356	0.2400196	0.09469133
0.3020668	0.01950912	0.3012529	0.04022367	0.09602763
0.04311259	0.03023309	0.1032231	0.3357773
0.09767386	0.04141497	0.3025948	0.04973886
0.07909225	0.216377	0.06184978	0.0265274
0.06192845	0.29575	0.1003144	0.01223345	0.08522597
0.03614814	0.2806822	0.1898628	0.02071402	0.1021194
0.06024552	0.1289641	0.009992067	0.2842604
0.2790101	0.2362747	0.01383585
0.4184942	0.2020142	0.01668502
0.4296529	0.1446018	0.02260779	0.2040332	0.1120441
0.3132567	0.01827134	0.1600572
0.1217057	0.01557173	0.0720413	0.2514062	0.3618271
0.2870924	0.0149297	0.107111
0.2503147	0.0264807	0.1399287
0.2313856	0.01722237	0.1300123
0.2467385	0.006209764	0.08478984
0.2138723	0.01482038	0.08516715	0.2929039	0.03238634
0.1026381	0.01574916	0.1129955	0.2865278
0.08291372	0.01012087	0.1393019	0.2510276
0.1168926	0.01466578	0.09822883	0.2602384	0.06168281
0.08256527	0.2314973	0.1730786	0.01364836
0.09940504	0.2837096	0.1412219	0.02008701
0.202559	0.2882781	0.1051735	0.008943791
0.1437793	0.3020284	0.1038674	0.01118707	0.153105
0.1155016	0.2444048	0.08225404	0.006042683	0.02467232
0.06290487	0.2827883	0.06357548	0.03238311	0.08669403
0.1275791	0.2546834	0.09608724	0.01585604
0.1710229	0.2552559	0.1332616	0.01001261
0.1829511	0.3514073	0.1554947	0.01326832	0.01260078	0.116683	0.09816993
0.05973039	0.4238883	0.08789208	0.01102909
0.1062588	0.4072349	0.1365653	0.02127147
0.04954238	0.02500184	0.1470805	0.4115481
0.1038971	0.05501841	0.3256811
0.05014544	0.0220827	0.4392259	0.2394248
0.1601711	0.03440887	0.4392259	0.3135953
0.06880446	0.02244541	0.4276992	0.2484661
0.1136924	0.03726034	0.435969
0.08055206	0.05854164	0.4310522
0.0962853	0.02123538	0.3620604	0.009272722
0.04917109	0.01824791	0.3222708	0.0876236
0.2344983	0.02304886	0.3819427	0.06585455
0.1041098	0.4182257	0.02476193
0.1191457	0.4042813	0.04374185
0.05962825	0.01619485	0.4189381	0.1521929
0.107899	0.01862818	0.4518188
0.1620095	0.02989898	0.3920839
0.1928403	0.03651342	0.4239934
0.1278793	0.03404191	0.2936218
0.08722514	0.02322645	0.3078817
0.1055581	0.02887977	0.3455874
0.103965	0.01853356	0.3296093	0.1371784	0.1285155
0.08648276	0.03980441	0.3039847	0.1164523
0.05104743	0.02737296	0.3511369	0.1239199
0.07951183	0.03222112	0.3247462	0.1207985
0.1763883	0.01244528	0.2832279
0.06979685	0.03437941	0.3267228	0.0409804
0.09704378	0.01318245	0.3521159
0.03276355	0.006559139	0.3376639	0.1503944	0.1565777
0.0688672	0.01636128	0.4239876	0.1091436	0.0533355
0.05278484	0.0211906	0.3558898
0.04658483	0.03096611	0.3237407
0.1866636	0.04260541	0.3683554	0.1424154
0.04760752	0.01490724	0.3506657	0.2161286
0.1052043	0.02173828	0.3149169	0.03623791	0.03683114
0.1478962	0.01477598	0.2854486	0.01762608
0.07045832	0.01324048	0.2873253
0.1151489	0.02339641	0.3283855
0.1511623	0.01560897	0.3359762	0.1253563
0.07024315	0.008476719	0.3543392	0.04079577
0.04038967	0.0190257	0.4261701
0.07968898	0.02862114	0.4562805
0.157851	0.0382555	0.402782
0.1075857	0.4058585	0.0494501
0.1632133	0.4888875	0.0128178
0.1509114	0.3990422	0.009395201
0.1775816	0.41307	0.02073888
0.128799	0.05127684	0.4327162
0.1066749	0.01207924	0.3835832	0.07777945
0.1662066	0.06771672	0.4323287
0.2379814	0.111446	0.3961601	0.1137462
0.08735127	0.03124015	0.375918
0.09717606	0.01517255	0.3732705
0.08903297	0.02258875	0.4534167
0.127546	0.02542702	0.411331	0.03319056
0.1482502	0.01313793	0.4427845
0.1099718	0.03669278	0.4485722
0.1386109	0.01926478	0.4080794
0.08061666	0.04015626	0.4171606
0.2566558	0.01566076	0.4148501
0.1316562	0.02324879	0.4560958
0.207417	0.01817374	0.408699	0.02601597	0.193312	0.0582639
0.08332788	0.01239405	0.4096628
0.2010266	0.0468119	0.4508404
0.2327201	0.0299898	0.3758499	0.05287718
0.06535466	0.02962976	0.3239165
0.1785363	0.01828354	0.2944565	0.118632
0.2019404	0.02482363	0.3237032
0.07855259	0.02106002	0.3071743
0.07681895	0.01309145	0.3167231	0.1060976
0.05068521	0.03119786	0.3414384	0.1210722
0.3072099	0.03316803	0.3681049	0.09619757
0.1265746	0.04674644	0.2916213	0.04661556	0.09077207
0.133822	0.3601563	0.1327716	0.005828531
0.05350127	0.3244238	0.129181	0.01082678
0.08298663	0.1666302	0.0181976	0.2715832	0.1693473
0.07507419	0.1091976	0.01298817	0.3021168
0.1654124	0.01772797	0.2699684	0.09580904
0.06671891	0.01884686	0.2834639	0.1235859
0.07311457	0.01587512	0.3000533	0.1393125	0.122523	0.1018286
0.1303798	0.01962763	0.2711061	0.1500052
0.1828851	0.01583455	0.2569939	0.09898123
0.06241531	0.003822857	0.1432928	0.1985347	0.2427321
0.2696901	0.01327647	0.1487901
0.2535704	0.02119843	0.1044239
0.2776447	0.1013964	0.01005933
0.2477469	0.06585844	0.02572744
0.2642032	0.06981779	0.01477626	0.2306447
0.1088325	0.01548821	0.2932857	0.2124162
0.09125495	0.2969956	0.03851307	0.004377951
0.061177	0.2536806	0.02397766	0.1473922	0.04962981
0.07894086	0.2677667	0.01883776	0.08903755
0.0478363	0.2825248	0.01178675	0.1595364
0.06462726	0.3117984	0.02266317	0.1370587
0.09410028	0.2983884	0.0151573	0.05524988	0.2203163	0.06782986
0.1243427	0.2594985	0.03475762	0.1422153
0.2112889	0.03817736	0.1111686
0.1223849	0.01419149	0.07744635	0.247617
0.2449739	0.01945199	0.09758062	0.2531684
0.2508327	0.01642573	0.1150168	0.2112326
0.2157268	0.08621474	0.0185889	0.2188879
0.2445702	0.08272392	0.02345237
0.2186875	0.08044536	0.01855002
0.3190775	0.02613009	0.1866304
0.09300728	0.02127929	0.07586267	0.2303403
0.008298203	0.03908298	0.2033908	0.03243669	0.002603245
0.00211722	0.01624347	0.1963225	0.1700567	0.1596699
0.01208686	0.02365427	0.2019193	0.05301311	0.166429
0.03016069	0.01491931	0.2440005	0.0124869
0.1387042	0.005958968	0.2461711	0.1286619
0.05683033	0.06290413	0.2231282	0.105546	0.01788897	0.009794984
0.04124821	0.2913909	0.1005778	0.01437899
0.08277295	0.2579797	0.1310955	0.006503158	0.02963915
0.09517091	0.2843853	0.1115629	0.01479544
0.05955637	0.2502144	0.1421577	0.01392373
0.0544034	0.01436782	0.3223978	0.073133	0.06236339
0.06360698	0.04060723	0.2947489
0.1123872	0.04837728	0.3247595
0.1184457	0.01460396	0.3167207
0.07582324	0.04626303	0.3584762	0.05800629	0.1763752	0.1246279
0.05091389	0.01549384	0.3536836	0.4203184
0.1475384	0.009841398	0.439098
0.2613521	0.01252897	0.34143	0.1425783
0.1738834	0.3045815	0.02833552	0.1803366
0.04087837	0.2675619	0.03287345	0.1089026
0.1062726	0.3361792	0.01418537
0.1651372	0.3997547	0.02969496
0.1355041	0.3690728	0.007090589	0.04086918
0.1130069	0.3237133	0.02283975
0.05191829	0.2935416	0.04714313	0.02875962	0.101951
0.1754775	0.02439596	0.3028499
0.06595847	0.01887639	0.3344948
0.2103944	0.01172457	0.361405
0.0326837	0.008112535	0.4282527	0.06667539
0.1032292	0.02637132	0.4508106
0.1577861	0.4139831	0.03492082	0.1471753
0.07067919	0.4248492	0.07645451	0.03098091
0.1360846	0.4276091	0.03232694	0.03604912
0.07165382	0.4399113	0.04224745
0.1115636	0.3942516	0.01381804
0.05076101	0.3625897	0.1200014	0.02885717
0.1125926	0.3507676	0.01612347
0.1045527	0.3507676	0.03580849
0.09433014	0.3533279	0.01058146
0.2852994	0.07167157	0.05488714
0.3192052	0.03134497
0.2729699	0.01637082	0.2634918
0.3199224	0.05302373
0.2992321	0.01613443
0.3270687	0.02297786
0.0887577	0.01212429	0.3331877
0.1017754	0.01452107	0.2904273
0.1427405	0.04274089	0.3352059
0.06999707	0.01383938	0.3694781	0.2854576
0.08795473	0.01262162	0.3971599	0.1681154
0.2378138	0.007775184	0.3061877
0.1304601	0.02983638	0.319794
0.04292995	0.01008801	0.3573857
0.1201803	0.01604663	0.3403764
0.1161457	0.05909345	0.3451863
0.07949225	0.02479604	0.3150321
0.08249158	0.3443127	0.02299595	0.1578457
0.1152971	0.006469099	0.3549428	0.193605
0.1175366	0.02746748	0.3037774	0.09785517
0.03384211	0.04899141	0.3246056
0.08026918	0.05324783	0.319644
0.2127382	0.01740872	0.3242198	0.253492
0.09610459	0.01834494	0.2973567
0.07099075	0.03940386	0.3348872
0.1336732	0.02966526	0.2916258	0.05993429	0.01663113
0.1189381	0.004032591	0.2955688
0.07016935	0.308427	0.02545191
0.0391315	0.3117198	0.01276255	0.04909847	0.181122
0.06834939	0.3437852	0.03558501
0.05441871	0.3160477	0.0131732
0.3050083	0.3650631	0.01596328	0.09082348	0.1538844
0.1383755	0.3443307	0.02224342
0.10962	0.3163605	0.00923369
0.0891591	0.3318753	0.01917225
0.1278296	0.3431491	0.02337722
0.07262118	0.292241	0.04827932
0.1705123	0.3302562	0.02529665	0.00614101
0.07023347	0.3102378	0.01157004
0.1603771	0.307021	0.004701203
0.1869729	0.3301395	0.04020374
0.2060666	0.2931227	0.01374595	0.05459794
0.136533	0.3353356	0.01007176	0.1406138	0.07517802
0.04844439	0.415652	0.003746046	0.08586741	0.2106893
0.02492974	0.3229462	0.01829103	0.1700238	0.1723316
0.1113141	0.2729582	0.02835013	0.1271782	0.1123848
0.1014751	0.3076609	0.00952584	0.167022	0.07489887	0.0873489
0.09907611	0.02025116	0.169789	0.2426179
0.139782	0.1717874	0.2956046	0.01343168
0.07432365	0.1444353	0.01393243	0.09615686	0.2255063
0.1263803	0.01940578	0.2255063
0.1007594	0.02055561	0.2759022	0.05502238
0.09278438	0.01465987	0.313569	0.1409826
0.2749627	0.03014524	0.1694206
0.104185	0.00818376	0.2763495	0.06764258	0.09427644	0.08991578
0.05742179	0.01072088	0.08522756	0.2719417
0.04635756	0.03170535	0.2746938	0.173247	0.002142544
0.1792408	0.01335548	0.2630745	0.1239687
0.1075659	0.3051042	0.04125434
0.07774834	0.2507556	0.03932502
0.07739504	0.2629851	0.02897982
0.131474	0.2701733	0.08106541	0.02228376
0.2532472	0.08947131	0.004212556
0.1622442	0.1387009	0.01042854	0.2751265
0.02977344	0.1340018	0.02701407	0.3416963	0.09504037
0.05211294	0.1754551	0.01423558	0.3650637
0.0264461	0.216585	0.01503172	0.3182057	0.08775386
0.05604879	0.02775627	0.2790495	0.05198575
0.1185245	0.00830354	0.2535515	0.105299	0.03917299	0.04837078
0.09653564	0.2554671	0.03529945
0.04583861	0.2006456	0.1208843	0.01602295
0.07136446	0.1290584	0.01226997	0.2444319
0.1328073	0.08703236	0.01686517	0.2824302
0.1256061	0.0846769	0.03507237	0.259829
0.1318921	0.08822043	0.007876476	0.2599528
0.0838898	0.04800326	0.007427703	0.2577731
0.1329022	0.08036162	0.007901	0.272479
0.09987303	0.08272645	0.009134562	0.272479
0.06125445	0.1243387	0.01699016	0.2960219	0.05290602
0.07940874	0.04899797	0.2792085
0.2237256	0.03544713
0.05508583	0.07930701	0.265627	0.03734357	0.01125272
0.1192627	0.09104695	0.2430098	0.02216907	0.004668125	0.06216527
0.0890164	0.01498943	0.1955044	0.2713249	0.01420319
0.2686036	0.01756726	0.1187121
0.1020988	0.1283836	0.0099213	0.278739
0.08612257	0.06941017	0.02091532	0.2662527
0.1911462	0.1505376	0.01622429	0.3745537	0.1618294
0.1172986	0.08233862	0.02011339	0.3900613	0.2775119
0.07388592	0.02249522	0.712151	0.3145652	0.1396756
0.07375856	0.01778909	0.3305957	0.2080969
0.107878	0.03130317	0.3249933	0.1654609
0.09355114	0.0357663	0.314119
0.05909284	0.3457541	0.02998563
0.07726795	0.3341848	0.01994725	0.1672493
0.2072968	0.3552425	0.01041421	0.1367163
0.1681446	0.3382335	0.01549653	0.07574726	0.1150253
0.1161859	0.337271	0.01024021	0.1432534
0.1592297	0.3822716	0.03084649	0.2001019
0.1516045	0.32313	0.01773097	0.1948408
0.07848115	0.3691637	0.03721319	0.197493
0.04576613	0.3065505	0.009483282	0.164928
0.04894367	0.3325349	0.02145192	0.1395824
0.2290933	0.3125821	0.02092603	0.1367097
0.1492477	0.2878146	0.0165556	0.1603271
0.06214102	0.2864597	0.02626583	0.15623
0.0770119	0.01023308	0.3284677	0.1733293
0.01881749	0.01395533	0.3047408	0.07771663	0.06476356	0.2528364
0.002462809	0.02454398	0.2668425	0.1247307	0.1648188
0.1022889	0.006583939	0.2586196	0.1171366
0.1373166	0.02449815	0.2816463	0.136918
0.01646827	0.01824096	0.2816463	0.1515026	0.07924261	0.1129255
0.0826772	0.03673668	0.2736281	0.07852988
0.09899968	0.01511466	0.2686631	0.1221982	0.0941954
0.1561021	0.004000858	0.2655081	0.08210116	0.06703967	0.1082821
0.04596153	0.0174676	0.3721635	0.1015687
0.01354364	0.01062847	0.2772546	0.05823356
0.2239449	0.2418513	0.04680212	0.1060376
0.4062646	0.02663508	0.2255743
0.2165445	0.03388049	0.1656143	0.341095	0.115978
0.26037	0.02185532	0.1075608
0.1445097	0.02221376	0.1379502	0.317788
0.1603126	0.01907416	0.04184944	0.2256198
0.06138651	0.01018263	0.2425052	0.08642144
0.1174091	0.01450109	0.3194735	0.0738143	0.0666571
0.1562469	0.01910961	0.2358067	0.1251088
0.1527635	0.0118716	0.3648243	0.06741551	0.2122777
0.0991801	0.04233793	0.3195632	0.2010529
0.1159168	0.01413513	0.3536309	0.2186386
0.185946	0.04603677	0.3591706	0.2574082
0.107701	0.0251721	0.4524806	0.2355569
0.009636689	0.03060076	0.2368933	0.09971533
0.06400067	0.01690686	0.3181371
0.1333154	0.01178826	0.2919576	0.05093748	0.06128334
0.04374249	0.01508925	0.270275	0.07223226
0.1071287	0.01503192	0.06806258	0.2807507
0.1136207	0.2799425	0.0649918	0.007021717	0.2081412
0.1270807	0.2427176	0.0704326	0.01631495
0.1988905	0.2773306	0.09395628	0.02013678
0.04861681	0.1334734	0.02414127	0.2863824	0.02152628
0.05338933	0.1146644	0.03143969	0.2570333
0.06028465	0.123152	0.2965705	0.02070774
0.2321271	0.26726	0.01939193	0.1418847	0.05410603
0.1120365	0.2589473	0.0120758	0.07492128	0.07784303
0.02157573	0.3031611	0.02505202	0.0650479	0.04417877
0.04384321	0.3034236	0.05514732	0.1322878
0.3123831	0.2326692	0.07575765	0.01275488	0.05027744	0.06939745
0.1114577	0.2872054	0.06270017
0.122972	0.03797382	0.2602399
0.05955259	0.01662653	0.2248339	0.1733085	0.03961368	0.07275096
0.07511423	0.03444155	0.2915973	0.1566566
0.06836973	0.04577712	0.2915973	0.1449196	0.05011774
0.07236141	0.02790298	0.2862808	0.1377905
0.123985	0.02566581	0.2630768	0.1507005
0.04956043	0.02537158	0.3237019	0.105777	0.09069898
0.05884884	0.0187055	0.3145811	0.1515071
0.1497551	0.01528104	0.2756658	0.142718
0.1121183	0.02765182	0.2857866	0.1162624
0.09879517	0.0128549	0.2520951	0.07881451
0.03531015	0.02318676	0.2333702	0.09959399
0.2690099	0.008372174	0.3005215	0.1081818
0.2434023	0.02018351	0.08723286
0.2979712	0.0299888	0.1214533
0.2228341	0.04053099	0.3623197
0.3450479	0.03211305
0.3376271	0.004981284
0.3718085	0.01762208	0.3041017
0.288859	0.02757629
0.1616475	0.0104574	0.3079775
0.3298	0.01659865
0.3357324	0.02099043
0.3482251	0.01824633
0.1997445	0.006891978	0.2995629
0.1945189	0.03047247	0.4095046	0.08871149
0.3274114	0.02478232	0.09007314
0.4081136	0.01373974	0.1106719
0.3821066	0.03171254
0.2822334	0.02475957
0.260817	0.03686666
0.07432395	0.006360471	0.3328883	0.1411411	0.07781609
0.08304858	0.02289305	0.2910926
0.1118355	0.03712391	0.3430528	0.1221269
0.04972977	0.03087976	0.3102839
0.1407145	0.02917875	0.2907203	0.02883598
0.1448414	0.007293564	0.3231107
0.1827372	0.03476588	0.3020457	0.1892051
0.07678098	0.04926527	0.3020457	0.1868571
0.2050364	0.04721339	0.4215697
0.3372109	0.01447175	0.1361868
0.3224629	0.01065265	0.09821444	0.001150618
0.3049973	0.01725129
0.3198799	0.02705258
0.3164803	0.1014282
0.362189	0.03961205
0.1279028	0.02474828	0.3457676
0.09133637	0.02435995	0.4161296	1.312278
0.1047603	0.0594911	0.3555722
0.07830261	0.01683622	0.3561589
0.08361028	0.0569261	0.3414908
0.1050599	0.02236139	0.3245496
0.1007155	0.01223392	0.3182311
0.1153514	0.02450082	0.3572501	0.1709611
0.1800444	0.03035396	0.3800679
0.1755332	0.05109784	0.3479627
0.1193779	0.06366635	0.3472818
0.06420881	0.0329729	0.259819
0.07328286	0.02570083	0.2841721
0.1208051	0.04337421	0.3467758	0.01589419	0.1128658	0.009522436
0.1108999	0.02750584	0.3000621
0.06627806	0.02317766	0.4248519
0.1176022	0.03427927	0.3802625
0.09320698	0.02713841	0.305102	0.1264268
0.1697448	0.02207378	0.3504839
0.07179452	0.02012164	0.312164
0.05140254	0.05688355	0.312164	0.004249802
0.06335333	0.04178796	0.3214561
0.09702288	0.008980135	0.3067362	0.2525202	0.4174318
0.05371127	0.01467661	0.3238192	0.1786268
0.04726064	0.009618467	0.3492591
0.1305913	0.02171625	0.3526765
0.1487163	0.02159438	0.3665594
0.1163485	0.01840894	0.4678226	0.159736
0.1893818	0.0242424	0.4658743
0.1179839	0.02085663	0.4751869	0.234044
0.06857911	0.0295782	0.3957294	0.08744373
0.05675922	0.02098898	0.1124727	0.3247849
0.1135531	0.01627934	0.3565122
0.1111175	0.006909849	0.3439524
0.1547173	0.01743729	0.3460062
0.08887067	0.04274478	0.3822697
0.01773937	0.03992508	0.340875
0.07868135	0.0367819	0.1657943	0.3099611	0.08256725
0.08549372	0.01805255	0.3288993	0.141472
0.1269074	0.03903971	0.3479583	0.1626678
0.07345441	0.02052978	0.4117839	0.2029538
0.0947017	0.02634763	0.3050104
0.1435979	0.01558821	0.3420072
0.2558266	0.0116887	0.3165028	0.1043308
0.07833672	0.01318074	0.3158555
0.1416082	0.03034179	0.3215755
0.1159025	0.3543118	0.069351
0.07750201	0.2911385	0.01807683
0.05200229	0.01538707	0.1689281	0.270059
0.05896308	0.02489721	0.1231545	0.2405534
0.2419659	0.0141971	0.159744
0.3161917	0.01404133	0.1734204
0.2079741	0.01976083	0.1369413	0.2979568
0.04618037	0.008146342	0.1372348	0.285686	0.1283468
0.07037197	0.01290008	0.3028701	0.1328458	0.02797228
0.0478222	0.02555787	0.1224958	0.3297318	0.1214053	0.02733531	0.03545987
0.3234249	0.02418143	0.1345388	0.301413
0.2077715	0.01365833
0.07927312	0.0205514	0.3153428
0.09449099	0.02209795	0.282009
0.1600197	0.01412072	0.3465088
0.1034274	0.01492544	0.4614909	0.1130942
0.1277164	0.02192086	0.2998223
0.04363834	0.02274621	0.3312758	0.08582827
0.09308336	0.02938482	0.3199583	0.1639428
0.1851251	0.01851204	0.3041309	0.1396305
0.04966877	0.01732196	0.302738
0.1151282	0.0229028	0.3208776
0.06757137	0.01719605	0.3695229	0.109094	0.2673089
0.0967094	0.01010811	0.3962911	0.2631179
0.1235221	0.02967789	0.3412914	0.1350191	0.1434353
0.07051957	0.03148358	0.3877492	0.2054351
0.3403032	0.00623221	0.2165989	0.1100427	0.06406165	0.08855434
0.1098852	0.008929587	0.3029315	0.06165467
0.001682095	0.005351453	0.3489821	0.1276801
0.05968281	0.025916	0.3275549
0.1040883	0.01995145	0.2818474
0.1560118	0.02968242	0.3148262
0.1105489	0.03056272	0.44521	0.2755581
0.1206137	0.03356937	0.4846256	0.353219
0.1009284	0.01689029	0.242944	0.3211378	0.1517834
0.2141199	0.03572089	0.3414982
0.115178	0.02009111	0.32381
0.07126801	0.02588764	0.3055185	0.007995279
0.01342141	0.3345694	0.03048823	0.09595997
0.04935591	0.2962861	0.01128684
0.1028894	0.3366491	0.01253917
0.1094743	0.3312784	0.01368729
0.1133985	0.2950933	0.02273884	0.12226	0.01689442
0.1252693	0.3117121	0.04364504	0.03928926
0.1345751	0.3170191	0.02652034
0.1618909	0.33757	0.02495757
0.1935651	0.3100305	0.01357838	0.06477262
0.2749961	0.3172155	0.02557099	0.1139872
0.06941127	0.3526206	0.01465155
0.09224963	0.01849063	0.2723907	0.07628205
0.1450309	0.01927086	0.2968523	0.1464479
0.02691846	0.03249485	0.3786231	0.1106889
0.08126703	0.0174114	0.3181976
0.1734921	0.01820242	0.3311299
0.06652207	0.04373613	0.3143572	0.1484654	0.02069131	0.06965276
0.1161211	0.0391802	0.3689236
0.1903979	0.02192493	0.5121156
0.05480281	0.009409672	0.3287331	0.280176
0.0793987	0.03414882	0.3470862
0.07622956	0.01147892	0.3471084
0.05229072	0.01660727	0.2697243	0.08993138
0.1073517	0.1132075	0.1105605	0.08331799	0.02489701	0.2544104	0.02758352
0.02946066	0.07161355	0.00558109	0.2707229	0.03778039
0.2900077	0.01761188	0.2528236	0.1176921	0.08475882	0.02640899
0.1108871	0.01863459	0.3482141	0.133664
0.1123551	0.02277926	0.2407801	0.09644329
0.1122705	0.01188923	0.28249	0.1409514
0.339093	0.016647	0.1374246	0.06862266	0.3304343
0.1510818	0.01219635	0.09582494	0.2549943
0.04290726	0.01321579	0.2218996
0.06886874	0.01676543	0.2089963
0.217319	0.01821862
0.2894529	0.03737037
0.0393583	0.01863627	0.3426636	0.005235478	0.4467278
0.2997485	0.01464368
0.1820978	0.01682004	0.3010531	0.07732114
0.1330142	0.02729666	0.3126967
0.1371721	0.01845539	0.163713	0.4138483
0.04436497	0.3369041	0.03167906
0.01103465	0.005562186	0.04560094	0.3085523
0.1656004	0.02702197	0.3232314
0.08700294	0.01336265	0.2803309
0.1416506	0.03629036	0.4118669
0.1141456	0.01252041	0.401805
0.1360444	0.01876089	0.3739083	0.2626521
0.5402306	0.04058878	0.3380891	0.1140496
0.1005708	0.2991781	0.02542758	0.1411466
0.07924159	0.3170009	0.01421891
0.1599461	0.3210804	0.03433984
0.1709633	0.3210804	0.02213529
0.06069054	0.4758168	0.01173911	0.09456791	0.1164427
0.1199475	0.3877628	0.03008666
0.02552835	0.3572907	0.01583535	0.09091276
0.08505092	0.361572	0.014932	0.209439
0.2604055	0.3795346	0.06021842	0.1403209
0.03954261	0.3405193	0.01749066
0.1305578	0.3864822	0.0303344
0.08182032	0.3154215	0.02399671	0.0691702
0.02932419	0.3195349	0.1004937	0.006683694	0.1547999	0.1599725	0.03736415
0.12795	0.2441443	0.07221311	0.01181274
0.07810109	0.3509044	0.03249388	0.3271372
0.05330925	0.4019464	0.01761102	0.1339608
0.1982968	0.3770952	0.008593091	0.09274857
0.05796844	0.2622356	0.02848805	0.1606317	0.1815631	0.04514456	0.1470055
0.0801901	0.01637667	0.08558449	0.2520887	0.1356081
0.04813791	0.1157286	0.02083317	0.3344323	0.3162125
0.1798068	0.1366017	0.01153614	0.3266117
0.03483906	0.01797927	0.3080548	0.008575586
0.1625804	0.01725259	0.3456796
0.05994061	0.02114686	0.2905544
0.03980644	0.01816408	0.3304373	0.1573044
0.1013302	0.01906765	0.3334734
0.1597583	0.02867187	0.292007	0.01996134	0.434057
0.06045571	0.01754149	0.2916691
0.08600568	0.01079178	0.3527001	0.1365211
0.09179861	0.009839937	0.3031452
0.09361161	0.0222753	0.3890223	0.3068864
0.09068906	0.0126865	0.3212058	0.09309543
0.07908187	0.02560325	0.3323876	0.08539738
0.1419559	0.01230209	0.3494617
0.1138949	0.04383447	0.3594036
0.0697867	0.01332302	0.3577177
0.1904816	0.3332252	0.02532801
0.1201356	0.01460271	0.3032096
0.2864967	0.04691901	0.4172216	0.02997206	0.006478947
0.1166532	0.02566746	0.3904656	0.05793587
0.1202061	0.02508243	0.3633606	0.05311096
0.07750171	0.02841285	0.3376121	0.001919649
0.1111583	0.02486163	0.3465441
0.04554358	0.01540035	0.3320768	0.05642589
0.08882473	0.01325354	0.2963603
0.06409322	0.01692302	0.3450698	0.04004219	0.2338572
0.05278775	0.3395451	0.2130432	0.007066655
0.1241882	0.2939246	0.01639854
0.0768028	0.2983396	0.03687859	0.1931065
0.1105376	0.300939	0.01335157	0.1354428
0.1992417	0.01914909
0.06181536	0.0150245	0.321769
0.1640756	0.05116976	0.323168
0.07065111	0.02331958	0.3446987	0.1292878
0.2065455	0.01890976	0.3315388	0.2068541
0.1124267	0.04672412	0.3495947	0.01808925
0.09003484	0.0120695	0.2846279	0.0179654
0.1582153	0.01035775	0.331833
0.0523962	0.02055129	0.3323696	0.1099724
0.0766502	0.01706944	0.3287724
0.04434474	0.01561192	0.2897953	0.3292849
0.08576257	0.01418814	0.2997653
0.06482827	0.02490038	0.2819481
0.04358963	0.01675018	0.3428908	0.2588688
0.09908388	0.02042238	0.3356551	0.07245035
0.1894481	0.01499888	0.3278281	0.07830887	0.08420988
0.03217577	0.04620033	0.3186088
0.07527786	0.0185245	0.2987575
0.1788096	0.01893852	0.3180347
0.1245005	0.01824753	0.3261654
0.08707527	0.02756964	0.3155874
0.2807707	0.02040016
0.4299959	0.01092205	0.3842956
0.3295367	0.0215378
0.3094059	0.01638488
0.2928861	0.01312301
0.1802966	0.02673227	0.377697
0.2167131	0.008661231	0.3039973	0.05611492	0.251313	0.09538343
0.006995336	0.0112785	0.2423722	0.07234675
0.02923732	0.1780577	0.3721215	0.07436812	0.00358518
0.1305079	0.2165667	0.01293297	0.07858016
0.09196172	0.2792501	0.02575943	0.1203911	0.1199319
0.03419846	0.2966337	0.01895335	0.1913788	0.145292
0.08656251	0.2845544	0.02945558	0.1445086
0.03798224	0.2753237	0.02256675	0.1511048	0.001646271	0.0431231
0.1219184	0.2542899	0.02471387	0.07638123
0.1067292	0.2752832	0.02423981	0.1122271	0.01424843
0.06937912	0.2373056	0.02541092	0.1604737
0.1503372	0.3016317	0.01479029	0.1283163	0.1185937
0.0999445	0.3016317	0.009824447	0.1386171
0.07731268	0.2882012	0.01907399	0.1281018	0.07195328
0.08304564	0.02192983	0.2473503	0.08107498
0.182479	0.02785014	0.2991879	0.1147325
0.06525808	0.01055677	0.3910747	0.1613689
0.1492518	0.01944248	0.3021862	0.2293281	0.05593721	0.02851897
0.04208651	0.01109333	0.3807249	0.1883806	0.1684415	0.07250759
0.1221645	0.03351839	0.243282	0.1667063
0.1892891	0.02696968	0.1494708	0.3281924
0.09013275	0.02053745	0.1833842	0.3355221
0.126809	0.02121833	0.2117011	0.3120715	0.09555089	0.1084434
0.1460793	0.02222906	0.1801088	0.2762644
0.1503964	0.01430909	0.2171475	0.4120365
0.06184263	0.008190553	0.1560204	0.3184752	0.08948891	0.01382973
0.3301637	0.02630933	0.1118569
0.2309066	0.01512336	0.1177858
0.07655275	0.02750698	0.2342228
0.1201348	0.02721762	0.1270487	0.3037988
0.08500323	0.0237608	0.2979343	0.137547
0.07495297	0.0302223	0.2644909	0.1673784
0.1379787	0.02190078	0.2268826	0.0802806
0.1856429	0.01574636
0.2185578	0.01674973	0.2143605
0.3134788	0.02634114
0.2980411	0.019059
0.3211755	0.0488269
0.3486867	0.03373385
0.3213193	0.02460178
0.3721871	0.01974203
0.05376093	0.02952584	0.2267144	0.3137876
0.1083716	0.07756668	0.3124017
0.1160264	0.01796883	0.3299201
0.02309028	0.01523771	0.3096083	0.1659967	0.1225434
0.02400229	0.03066487	0.3355739	0.08237281
0.1666469	0.03157689	0.3431628	0.1758115
0.09962924	0.04898077	0.3179148
0.06399023	0.02397119	0.3179148
0.2563168	0.009732833	0.3333788
0.0847161	0.02184416	0.4102561	0.2136252	0.09142989
0.05958132	0.03142437	0.4157564	0.2589478	0.1418791	0.01180972
0.1358568	0.01690407	0.3769296	0.2274113	0.01337923
0.1025187	0.02298701	0.3416112
0.4996791	0.02595586	0.3950413	0.2054962	0.1847194
1.335988	0.01827018	0.3493815	0.175735
0.1313735	0.01413796	0.3441912
0.1242583	0.0236968	0.3519302
0.1753785	0.03788953	0.4160295
0.09093905	0.01781871	0.3384679	0.07800755
0.116303	0.009448138	0.3195375
0.01355414	0.008199243	0.3327864	0.1582166	0.105494	0.1800679	0.01028335
0.1495696	0.01961364	0.3316182
0.05308635	0.03999521	0.3386324
0.2188415	0.01508273	0.3569576
0.1510105	0.02644425	0.3314852
0.06791545	0.01755515	0.2971013
0.2737292	0.04386495	0.3648615
0.1306637	0.01075475	0.3896496	0.08175409	0.1623358
0.1067879	0.02944386	0.3897264
0.1678901	0.03754683	0.4078543	0.1927867
0.1449332	0.01303246	0.4141845
0.1212884	0.01578485	0.3317686
0.1083864	0.01102572	0.1111427	0.2362908
0.02584133	0.01350008	0.1209312	0.2607859
0.08060196	0.02647533	0.08828656	0.2917089	0.2234576
0.2595262	0.02842353	0.172015
0.09001898	0.01247772	0.2999221	0.1427123
0.3396091	0.03195571	0.08979664	0.2781925
0.3396091	0.03468623	0.1843782
0.3451094	0.0242574	0.1310918
0.1035565	0.02010569	0.3173154	0.07890687
0.09215382	0.04743354	0.3040288	0.007557475
0.1099171	0.01482805	0.3190895
0.1028198	0.01519604	0.3124039
0.1375078	0.01285246	0.3396129
0.1610986	0.30856	0.03556926
0.09271089	0.3331443	0.03198261	0.09475465	0.2134758	0.02235445
0.1622071	0.3377157	0.01410122	0.09844462
0.0712691	0.3668184	0.01008716
0.1309643	0.3040822	0.04911436
0.09883849	0.3165901	0.01692464
0.1168456	0.3236279	0.02004045
0.1757413	0.3072408	0.009414935	0.135536	0.03163719	0.03271292
0.1582906	0.2783732	0.01704837	0.08302603
0.05522256	0.3409473	0.01540693
0.1728872	0.363116	0.02769985	0.2658137
0.268958	0.4043265	0.03232463	0.1217515
0.1805122	0.5162992	0.01760096	0.3101197
0.1166695	0.3590264	0.02655561
0.09845426	0.3420589	0.03030064
0.04021663	0.3551057	0.05008004
0.08416297	0.3772591	0.01895442
0.1087273	0.3611511	0.04170775
0.0709496	0.3177054	0.01652431
0.257059	0.3296579	0.01264569	0.05511407
0.086499	0.441016	0.01016566
0.08835365	0.3323035	0.0157366
0.05377373	0.3283037	0.02345668
0.1301332	0.3874801	0.03978544	0.2380982
0.1302856	0.2727329	0.02700606	0.1234484
0.1118843	0.3208415	0.02095538	0.1551192
0.09411017	0.2442738	0.02003465	0.1677259
0.07702476	0.01219656	0.1166598	0.3039138
0.04357269	0.007795238	0.1727334	0.3050742	0.06649858
0.04217403	0.02466202	0.128517	0.2429437
0.1180097	0.0180638	0.1276769	0.277946	0.1524842	0.07826311
0.1177413	0.1467743	0.3350423	0.03175949	0.2280257
0.1347316	0.1566979	0.2532574	0.03121155	0.1840165
0.1416982	0.1176917	0.016454	0.2199862
0.2337553	0.04687169	0.02622674	0.2455121
0.2553219	0.1136653	0.02933602
0.302151	0.06418244	0.006732473	0.2463381
0.3009487	0.03855863
0.2195302	0.04053441
0.2071088	0.01412674	0.0927447
0.2605817	0.01210997	0.1301089
0.2631712	0.03249152	0.126848
0.1133737	0.01770234	0.08966715	0.3126756
0.1305347	0.03000173	0.1267667	0.2754997	0.004957488
0.1632218	0.02299462	0.07758704	0.2388069	0.06494501
0.1336873	0.01310193	0.08435163	0.2979747
0.2017023	0.02397551	0.06660069
0.2697422	0.02070332	0.1097659
0.268118	0.1103208	0.01803569
0.2568114	0.08440141	0.0247802
0.27297	0.1090647	0.01062083
0.1547427	0.1015347	0.01059018	0.2642058
0.1154899	0.1867606	0.01449318	0.2811062
0.01284251	0.2002136	0.01101798
0.0570892	0.01758543	0.2496672	0.1081456
0.0194259	0.02665073	0.2406689	0.1338026
0.2395089	0.03103962	0.1062209	0.2023271
0.2410552	0.1086718	0.02010249
0.2568089	0.08216223	0.01435797
0.05905837	0.1325194	0.02062052	0.347552
0.03942015	0.01022905	0.3208737	0.07272143
0.09167881	0.01435702	0.2693169
0.04792344	0.01664556	0.3413604
0.08647286	0.006960768	0.3268974
0.06625858	0.02405289	0.3288864	0.06366114
0.1229165	0.02326942	0.299832
0.2720364	0.03293755
0.3286818	0.03393721
0.2968443	0.02458754
0.2828645	0.01346789
0.3057251	0.01931178
0.3486167	0.0134938
0.2598241	0.02887853
0.111484	0.02739106	0.2970005
0.06379621	0.3596451	0.02679435	0.08840699
0.2509012	0.316969	0.04752551
0.1655681	0.02352496	0.3149975	0.09733637
0.184069	0.0291122	0.3033654	0.009575366
0.1430027	0.02035805	0.3295217	0.1212822
0.2388155	0.03597446	0.3615902
0.132983	0.02700757	0.3692613
0.2097711	0.03211549	0.3090363	0.1498293	0.120295
0.2550747	0.02975352	0.35392	0.2315362
0.08729716	0.35392	0.1763849	0.01351258
0.0782554	0.3731885	0.1636841	0.02559776	0.165447
0.2499846	0.4164525	0.0768083	0.02077303
0.1725507	0.4274756	0.03285189
0.1202376	0.4276519	0.02677029
0.0801167	0.3714094	0.009027552
0.09269039	0.313076	0.02158807
0.06736059	0.3198217	0.03176644
0.07206147	0.05644634	0.3752625	0.1562873
0.04989452	0.005701494	0.2786821	0.02302064	0.07750663	0.267058
0.0870696	0.01225919	0.2878324	0.1948369
0.08815383	0.02100756	0.2958741	0.1562546	0.06234585
0.1014332	0.01570959	0.278761	0.1634263	0.04435241
0.07045401	0.02268778	0.2852785	0.09867831	0.2258167
0.1764873	0.03736886	0.2889701	0.05259919	0.07464855
0.1299573	0.01351258	0.3088917	0.1313961	0.1127436	0.03202801
0.1277369	0.0189407	0.3466465	0.1304287
0.06255998	0.02656695	0.1176406	0.3336167	0.2210917
0.2753451	0.01151213	0.136359
0.3424128	0.02077766	0.1123226	0.3726193
0.3175707	0.0132773	0.1329372	0.5141987
0.337108	0.04333423	0.5554221
0.04148712	0.4757205	0.01801143	0.1816219
0.1323303	0.4645827	0.03342912	0.1228727
0.08839093	0.553263	0.02754316	0.4477079	0.3839648
0.1836781	0.558429	0.02264772
0.4061699	0.6850605	0.03944646	0.2844689
0.2317424	0.6942341	0.03853442	0.3854124
0.3024052	0.7124979	0.01680164	0.3608308	0.2985828
0.2943496	0.75953	0.03256188
