SurvivalProbabilities
0.4539458
0.4082508
0.4614654	0.4853051
0.4563093
0.4892964
0.5014659
0.5897579	0.5508253
0.4690066	0.4895818
0.4570682
0.4655403
0.4867271	0.4978143	0.5012246
0.4871386
0.4502766	0.5226819	0.4942587
0.5293867
0.5584225
0.5350282
0.4273069
0.4944197	0.4980512

0.4680619

0.5284158
0.465019	0.5004421

0.5093572	0.5916587	0.475343


0.5600966	0.4915627


0.5270839	0.4634342
0.4924592
0.4735592


0.5059248	0.5027355
0.4772254



0.4647326

0.5586319	0.4217001
0.4985029
0.4967877
0.5097738
0.4832812	0.5052866
0.4647447


0.4370456

0.4840215

0.466809	0.4244468

0.4660072


0.5657209
0.4832908







0.4517735
0.5379973

0.566734	0.4816743	0.5038484	0.5170167
0.4764609	0.5302027
0.5021225
0.4390791	0.5329344
0.5197839	0.5350347	0.509904
0.5095958
0.6297498	0.5067059
0.4604168	0.4642456
0.4573963	0.5435702
0.5217225


0.5126135
0.5141473

0.5566099	0.5595585
0.4358801
0.5249233
0.4514874	0.491848
0.4759895	0.5375935	0.5313276
0.4948678	0.4604375
0.5076295	0.5310746
0.5238529	0.562127
0.4728102	0.5307954
0.4705526	0.441151
0.5037939	0.491293
0.5056989	0.5282809	0.5137331
0.4813446	0.5710735	0.5238093
0.521415	0.4998274
0.4821763
0.5363831	0.5149865
0.4338966	0.4924229	0.493168
0.4919694	0.5586373
0.5282183	0.4318191
0.4950315	0.5004552
0.584973	0.5013348	0.4934569
0.5251723	0.4879134
0.5176212	0.5613568
0.543521
0.5212531	0.5299881
0.4872954

0.5113382	0.607982



0.4851063



0.509268	0.4581605

0.4022728


0.462277	0.5032148	0.5255175


0.5270489	0.5370305
0.4818743

0.5002129

0.4530676
0.500243	0.5245383	0.4935186
0.5177087	0.5402706	0.484776
0.5185245	0.4458788
0.4768693	0.5251558
0.5122125	0.5415123
0.444893
0.5821048	0.4902441	0.4413102	0.5004608
0.4302181	0.5064425
0.4890045

0.5064687	0.4925165
0.457048	0.4953873
0.5212235	0.4579276
0.4122383
0.5223195
0.5437628
0.4503808	0.4987402
0.5584432
0.4676172






0.5117492

0.5767563
0.5319179	0.4981688
0.4663044
0.4986865	0.5532998
0.5606651
0.5078971	0.4330845
0.4854988

0.543318	0.5102867	0.4431168
0.4482253
0.4731679	0.5001618
0.4906871	0.5623834

0.4699146	0.4823218
0.5269219	0.5113925	0.4937138	0.4922099
0.4526725	0.4623832	0.4425722
0.4840892	0.5315973	0.5194648
0.4755838
0.5015076
0.5139439

0.5229312

0.5330299	0.4455891


0.5899131

0.5139749	0.5337495

0.4774637	0.4410606	0.4429378
0.4985317





0.4927233


0.4937268


0.5069684	0.4819164
0.5454805



0.4657784

0.4480858
0.4879398
0.5455532
0.4800531	0.5427503



0.5042964


0.5128671
0.4262387


0.5206886

0.530567
0.4890981	0.4781207	0.5107544	0.5032197

0.4607462	0.5174622
0.4891382	0.5194872	0.4460344	0.5193306	0.4993613
0.4976383	0.4840002	0.4570653
0.4598056	0.5177164	0.4619945	0.5208104
0.4827166
0.5105268	0.4388695
0.5306453
0.4442851
0.4847437	0.464685
0.4982534
0.4813414
0.4615263	0.4722717
0.4876804
0.5124512	0.4677183
0.5005098	0.5126567
0.5447275
0.4676786
0.4662822	0.5730394
0.491935	0.5135526
0.4992227	0.479449
0.4866095	0.4474885
0.5389398	0.4681027
0.5029408	0.5065641

0.5231961
0.5031341
0.5044762	0.5268328	0.5184681

0.4741983
0.5278182
0.4866964

0.4748117
0.5202896

0.4012475	0.5170829
0.4783656	0.4422942
0.5036166	0.5678873	0.5006274


0.4810289	0.5176234

0.4109519	0.5207158	0.485359
0.5310391	0.4962602
0.4945783	0.5251775	0.5309868
0.4970872	0.5166567	0.4522238
0.5236324


0.5644007

0.4664254	0.4666178

0.5076004
0.476035	0.4774108
0.4937469	0.5337403
0.5137639	0.4483291
0.5093482	0.5274664
0.4685637	0.4904499
0.5327228
0.4812481
0.4674372


0.5089068
0.4839842	0.4910758
0.4952953
0.4921621	0.494394
0.4970806
0.4790652	0.464865	0.5482002	0.5134966
0.4489717
0.4916958
0.5026632
0.4848954	0.5657954
0.4528015	0.5105767	0.466986
0.5309985
0.5604101	0.5134906
0.4720554	0.4941277	0.5371761
0.5133043
0.4886583
0.5232786	0.4969005
0.5110085
0.5038123	0.4884487
0.4813144	0.5384304	0.4552486
0.5042028	0.5209698
0.5247549	0.4421722
0.504477	0.4682604
0.5104468	0.4739986
0.506909	0.4336407
0.4955887	0.4895729
0.4960622	0.5197952	0.5095878
0.4353233	0.4655958
0.4408082	0.4857459	0.4841329
0.5056649	0.5442296
0.5372287
0.4348386	0.5114515
0.4699269
0.4817769	0.5170232	0.4319134	0.5441063
0.5420177
0.5029737
0.4175413
0.5318424	0.5321479
0.4461037
0.5693291	0.5378081
0.479303
0.5347247

0.456337	0.4494286	0.4939488
0.4933225	0.430823
0.5054082
0.5371776
0.4922048	0.4642729
0.4898989	0.4282089
0.4913988
0.5045349
0.4125974	0.565359

0.5040732	0.413804	0.4869456
0.5065573

0.5589399
0.5324305

0.4712345	0.5157364
0.4912403	0.5068804

0.5345472	0.4804453

0.538987
0.5125569	0.4846219

0.511261	0.4628612
0.5316179	0.4901169	0.5454879
0.5278653	0.3885781	0.515796	0.4796029
0.4687089
0.5455328	0.5004106	0.4714699
0.5059547
0.5030356
0.4507306	0.4993646	0.4897614
0.5684153

0.5306466	0.5261685

0.4850635



0.5541427
0.5121077
0.4311662	0.4916595
0.5406027
0.5083984
0.498398
0.5440574	0.5126386
0.5186439
0.4688698
0.5185097	0.4869271
0.4718392
0.4790652	0.5569219
0.4737904	0.4403346
0.4147078
0.5294311
0.5022143	0.5214991
0.4812437
0.4389585
0.4513316	0.4530754
0.5168735
0.5511912	0.4843311	0.5330625
0.5149223
0.4930121
0.4643714

0.4987652	0.5529778
0.4352404

0.4627596
0.5276686
0.5374888	0.4300968	0.5334093	0.433551
0.5096702	0.5241886
0.4852735	0.4350855
0.5108611	0.4644608	0.5058034
0.514431	0.4799848	0.4427214
0.4638437	0.4702143
0.4828833	0.5002374
0.4754635	0.5097538	0.5060675	0.5190416	0.4967678
0.4730467	0.4942498	0.5639848	0.4759931
0.475528	0.4865503	0.5037193
0.5473553	0.5314099	0.5263746
0.5635787	0.4804295	0.5051106
0.5403312	0.5026106	0.4725864	0.5277261
0.5007522
0.4432566
0.5023285	0.5059193	0.4991975
0.4187311	0.5551903	0.5276307

0.5005264
0.4476346
0.4617461
0.4500876


0.4754625	0.5855995
0.5471234
0.5286558	0.5000577
0.4697165
0.4950819	0.4744291	0.4775781	0.4851399

0.4615241

0.4679183	0.4983093
0.5404615
0.4990851

0.576548	0.5164166	0.5195765
0.485089

0.5403568	0.5148365
0.4934352	0.5460858

0.5689315
0.4985465	0.5054797
0.510198

0.5064428

0.483704
0.5468463
0.5179743	0.5030476
0.5122325
0.5500294	0.5314589
0.5266603	0.4389691
0.4843184
0.4506057	0.5265225
0.4978637	0.536586
0.4739416	0.4868709	0.548511	0.4445967
0.5099172	0.5368848	0.4840313
0.5316593
0.4680166
0.4331296	0.501625
0.5589975
0.4800715
0.4945733
0.5249624	0.4675084
0.5227308	0.5090231
0.5155363
0.4950706
0.5215806
0.5366823
0.5528351	0.535824
0.4802043	0.5287502	0.4633866
0.4776055



0.5112151	0.5471463	0.5185087
0.4332025	0.497455	0.5737785	0.4635499	0.4917694	0.5096087
0.476325	0.5157529
0.4635697	0.5221687
0.5135564	0.504154
0.4981818
0.533437	0.5140697
0.4481323	0.4782432
0.4855999


0.4754124
0.5326626

0.5013874
0.5069453	0.4927815	0.5155193	0.5241658
0.5132675	0.509251
0.5312579
0.4839791
0.4944497
0.4888171
0.4886195
0.4668832
0.524485
0.4658905
0.4824139
0.5475747
0.4607241	0.5132428
0.4863314
0.415923
0.5373126	0.4847869
0.547012	0.530926	0.5321589
0.5029982	0.4966674
0.5323191	0.4611136	0.4593771
0.5211368	0.5437509	0.5010961
0.5037722	0.4654621	0.499096
0.5299498	0.506347
0.5435528	0.5002612
0.4721877
0.4718084	0.4626137
0.4713077	0.5058042	0.5073466	0.4942712	0.4609008
0.5230358	0.4868555	0.4805445
0.5634001	0.5432359
0.5329862	0.4861606	0.4989194
0.5450608	0.5592654	0.5502167	0.464868



0.4763847

0.4784728	0.4911003
0.4855808

0.5253566
0.5377414

0.4929095	0.5510093	0.4212422	0.4214494	0.5063482
0.5295928
0.4691356
0.517886	0.528504	0.4851474
0.4513101	0.5256049	0.4724771
0.4253274	0.5395819
0.5049785	0.512949
0.5361765
0.4798175
0.4354347	0.4978685
0.4526199	0.5274412	0.5871596
0.5043482	0.4783602	0.4694524
0.4488433	0.4870821	0.5444656
0.4705428	0.5058363
0.4373495	0.4518759
0.4484312
0.4815896	0.5117388	0.5052481
0.4814459	0.4878823
0.4580572	0.516979
0.509094
0.446818
0.4822453	0.4980382
0.4867967	0.4860821	0.6132166
0.4778721	0.4879153
0.5037841
0.48531
0.4871557	0.4946692
0.465338	0.5103735
0.4800038
0.4941689
0.4736248	0.5344598
0.5310772
0.5101569	0.4473025
0.4622521	0.43864
0.5089052
0.5048529	0.4781	0.552038	0.4640001
0.5712725	0.4477294
0.3989449	0.5386421	0.5063532	0.4945863
0.4979151	0.4637924
0.4407167	0.4549158
0.5114702	0.4878298	0.4744229
0.5284944	0.4626298
0.4956187
0.4433622	0.4762095
0.492043	0.5256727
0.4819126	0.5467432
0.4806864
0.3962387
0.4808837
0.4361794	0.4633971
0.4841781
0.4872341
0.46042	0.5070592
0.4944282	0.5361463	0.5007166
0.4921793	0.4314447
0.4671517	0.5483048
0.4860627	0.4633242	0.5974064
0.5806313	0.5117136	0.5136689
0.4664507	0.5224436	0.4947547	0.4977809	0.4933716
0.5053072	0.4235043
0.5357533	0.5330853
0.5087081	0.5255261
0.4627213

0.5744928

0.5182427	0.4662846
0.4534152	0.4767888
0.5053663
0.4942738	0.4500037
0.4800726
0.3868723	0.5014309
0.4704406
0.5028171
0.4966583
0.500513	0.457791
0.480435
0.5084772	0.526427
0.5211792	0.4858501	0.5123684
0.4259904	0.4953723
0.492244
0.4933003
0.5455609	0.4895669
0.499102	0.4942473	0.4808089
0.4856551
0.4472225	0.4793816
0.5057666
0.471894	0.4462145
0.4647801
0.5121853	0.5353884
0.5517763	0.545973	0.497846
0.5100549	0.5111959	0.4526509	0.461323
0.536731
0.5114843
0.4914033	0.5091335
0.4643128
0.4550722
0.5274058
0.5066168
0.5413877	0.5366381
0.4798917	0.5239602	0.553015
0.5562019	0.4728661
0.5059033	0.5201128
0.5738563
0.5162235
0.4624775
0.4858797	0.485351
0.5266928	0.5088317
0.4297227
0.4918913	0.5654855
0.5262828	0.4085334	0.5344321
0.4719169	0.5171841
0.5149055	0.5275126	0.5132003
0.4790052	0.5624078
0.5105321	0.540173	0.4715074	0.5164232
0.5171547	0.4707943
0.51649	0.5250033
0.5261747	0.5097114	0.5469218
0.5018685	0.4646813	0.5617089
0.4684407	0.5534041
0.4597816	0.5483596
0.5070892
0.5525014
0.4822224
0.4822209
0.5250156	0.6099116
0.520124	0.5330263
0.4788693	0.5531553
0.4756637	0.5213276
0.4317373	0.5542598	0.4827921
0.521359
0.5207811	0.523345
0.5001067	0.5632779
0.5214893	0.4401679	0.4531721
0.5203516	0.4873841
0.5401832	0.4677418
0.5000931	0.5588168
0.5057678	0.5151504	0.5150307	0.4747878
0.5161141	0.4897687	0.4600154
0.5325065	0.4650985
0.4827449	0.5429965
0.4984192	0.5289436	0.5149817
0.5182444	0.4968033
0.4582538	0.4944532	0.5154953
0.5216649	0.4449354	0.5053064
0.4799387	0.5352921	0.5205133	0.5407791
0.4689783	0.5227467	0.4730127
0.4875464	0.5235515
0.4838314	0.5264934
0.5344794
0.5120673
0.5453826
0.4616549
0.5038408
0.5096985	0.471413
0.5145009	0.589764	0.5568748
0.5407037
0.5140926	0.5212551
0.5208259	0.5020641	0.4305254
0.4670241
0.4969359
0.4457596
0.5078174
0.5675631	0.5263668	0.5291568	0.5417246
0.4693948	0.469318	0.5395141	0.4576742	0.529811	0.5657098
0.4983903	0.5186996
0.546274	0.5144818	0.449333
0.4814185	0.5263893	0.5952951
0.5379777	0.4571501	0.5119525
0.5189513	0.5534699
0.5374551	0.4944963	0.4972094	0.4996409
0.4750613
0.4106713	0.5108303
0.5840989	0.5369468	0.4475348
0.4142655
0.4795735	0.4430829	0.5126229
0.5141512
0.451765	0.4878141
0.4377004	0.5141535	0.5088249	0.4712498
0.5064115	0.5401078
0.5075169	0.4634724

0.4825223	0.4925662

0.4664716
0.4947039

0.4685823


0.4720588
0.476252
0.4994097
0.4434378
0.4759933
0.4840455
0.4830629
0.4650181	0.5536266
0.4233639	0.4460736	0.509009
0.4667917
0.5467863
0.467662
0.4610798
0.399872	0.4793383	0.4972316
0.4659475	0.551183	0.6216892
0.4882929
0.5286529	0.4826662
0.5242607	0.473097
0.460224	0.5775488
0.4268677
0.4625788	0.5044522	0.5334308
0.4743843
0.5545608

0.5150021
0.4438624	0.4979909	0.4936435

0.5521917
0.5101407
0.4463893
0.5501047

0.4855158
0.4632862
0.4675012
0.5635939
0.4877926	0.4890064	0.5125755	0.551581
0.4516706	0.5145547
0.5538555	0.5588736	0.4728129
0.52006	0.5007746
0.4407492	0.4705396	0.5391732
0.5299311
0.4665722	0.5112523
0.4349761	0.4869653
0.4841074	0.5143184	0.4627109	0.5296247
0.525838	0.5474697	0.48517	0.5125936
0.525144	0.5043748	0.5327989	0.5124158
0.5429447	0.4944755	0.5853132
0.522605	0.4586003	0.5090339	0.4856858
0.558276	0.5158669
0.4667084	0.4909099	0.522945	0.4819281
0.5122751	0.5108396	0.5392613
0.5136788
0.4920182



0.5081911
0.489125
0.4945419	0.4565052	0.4560386
0.4891585	0.5271246
0.482092	0.5072991
0.5079241
0.4608772
0.5004882	0.5480592
0.4516077	0.5156875	0.4954145
0.5900048	0.4859152
0.477125	0.5059655	0.5003858
0.4705131	0.4643768	0.4348373	0.4937224
0.4973997	0.3891831
0.4476063
0.4994065	0.4607803	0.5635224
0.5375208	0.4799873
0.4961985	0.5174298
0.5249289
0.4170587	0.4670226
0.525266
0.5257196	0.5148614	0.4653787
0.4912574	0.5320319
0.487158	0.5273695
0.5088864
0.4494886	0.4825904
0.5554038	0.4877948	0.470936
0.495071	0.4686538
0.4513869
0.4820731	0.5443505
0.4992274
0.5115389	0.4602368
0.5213427
0.4961006	0.5394203
0.593475	0.5300538
0.4773742	0.6025408
0.538648
0.4909762
0.4724795	0.5199714
0.5251643	0.5078754
0.4698559	0.5224896
0.471831	0.4952424
0.5317411	0.4869121
0.4282511	0.4846931
0.4821102
0.4976335
0.4819373	0.5165169
0.5236342
0.4660609	0.512322
0.4245521
0.4941448
0.445536	0.5506825	0.5146561
0.4530933	0.5551012
0.5419032	0.4659347	0.4276456
0.5008173	0.5430811	0.5036683
0.4769405	0.529009	0.4955685	0.4923486
0.4784228	0.5017556
0.4442338
0.4449098
0.5208349
0.4533446	0.5872848	0.5036053	0.5058792
0.4973974	0.5391214
0.4994439	0.4621616	0.4945488
0.4726699
0.5342707	0.5159357	0.465352	0.5498401
0.4079231
0.5459451	0.5122164
0.501534
0.4543171	0.4259796	0.5096791
0.5342651
0.4998708	0.5179351	0.544923
0.4680377	0.4529209	0.457139
0.4630025	0.4770739
0.4985974	0.4861716
0.4246371	0.5065534	0.4644766
0.4351384	0.4699446	0.4885368
0.4582165	0.5149855	0.4801124
0.4774248	0.5254955
0.4844091	0.4768197
0.4546439	0.4964079
0.4850577	0.5197403	0.4939751
0.5007207	0.5247104
0.5208942	0.5207378
0.5068043	0.4695811
0.5258055
0.4471111	0.4672703
0.4640788	0.5068835
0.5224622	0.4484345

0.5423946
0.5505783

0.603758	0.4868915	0.5027885
0.445284	0.5492558	0.5006154	0.5507874	0.5200978
0.4533854	0.4619237	0.5235632	0.5447918	0.5475543
0.5246865	0.4819599
0.5196629
0.5376867	0.552738
0.5206938
0.4982418
0.5148297	0.524295


0.530493
0.5307306	0.5070151


0.4961963	0.5414628	0.5151159
0.5271486	0.4906564
0.4772596	0.4909541
0.5017132
0.5254454	0.4125269	0.5137089	0.4497538
0.474377	0.4983157
0.5041674	0.4652786
0.4836911	0.512447
0.4867895
0.5608621	0.5682811	0.5530111
0.4708784
0.4951844
0.5520682	0.5268252
0.45062	0.4977171	0.4470372
0.5023645
0.5004835	0.517984
0.5296622	0.5172419
0.5388577	0.4518487




0.4860639

0.4759405
0.4441551

0.4633119	0.5242031

0.5079476	0.5035705	0.5053359

0.4790533	0.4926068
0.5762341	0.4407353	0.4981481
0.4639404	0.496831	0.5528012
0.4653915	0.5220942
0.4243009	0.5271478
0.48231
0.4960187
0.4250697	0.5485167
0.5756677	0.560828
0.5212102
0.4893198
0.5206428	0.5171827	0.5228573
0.485272
0.5497418
0.4960504
0.4813098	0.4902467	0.4592636
0.5174827
0.526085	0.4660175	0.5066116	0.4973056
0.4553115
0.4387885	0.5265533	0.4957546
0.4494754	0.4648677	0.4842077	0.4881213	0.4254253
0.5080247	0.4404159	0.4759347	0.5399336	0.5299736
0.4567169
0.5331032	0.4936684
0.4923594
0.5501486	0.4944189	0.5075428
0.5207781
0.4790069
0.5146653	0.4764104
0.4817633	0.4748132	0.5872566	0.4822004
0.4887673	0.5326021	0.5390916	0.4912773
0.5260163
0.483069	0.6035839	0.4040738


0.440876

0.4150224
0.5168015	0.4859757	0.4418671


0.4646781	0.5112137


0.4505425


0.4724532
0.5237807
0.5186939
0.5558315


0.4318081
0.4825314
0.5415038	0.4976342
0.5644474
0.5058093	0.488913
0.4909237	0.459672
0.4139543	0.5066563
0.4935053	0.4863265
0.4944429	0.5179268
0.5046003
0.5725197
0.5351371	0.5777948
0.4922273
0.5163526	0.5617356
0.533724
0.4894673	0.5379579
0.4942991	0.4114536	0.4995191
0.5130813	0.5244641
0.4853798	0.5595134	0.447097
0.4434499	0.5502721
0.4631256	0.5130582
0.4866148	0.4509237
0.4973431
0.5038686	0.5193291


0.5136911

0.4592163	0.483207
0.5023851	0.4914131
0.4801464	0.5318122
0.4827752	0.5537867
0.4683079
0.5068027

0.5269662	0.4415948	0.4500594

0.540941	0.4997905

0.5290795
0.5000714
0.4958452	0.5399202
0.5480722	0.5216172	0.5084039

0.5153441





0.4513154

0.4497713	0.491675
0.5229662
0.4798605	0.5046914
0.5276067	0.5322733


0.4557485
0.5501042
0.5072007



0.4803208
0.4801828

0.5217109	0.5377969	0.4935147
0.4167896	0.4977839	0.4776848	0.4784988
0.4966474
0.5367912	0.4854374	0.5462286	0.464784	0.523195	0.5268656
0.5349881	0.5103305	0.5349509	0.4960424	0.5157364
0.5186285
0.4974579
0.5018705	0.4543945	0.5558468
0.4246933	0.5718737	0.4751118	0.4979776
0.4756732	0.5600679	0.4721452	0.4628178
0.4759716	0.4540589	0.4744225
0.4901934	0.535569	0.4951137
0.4312172
0.535149
0.4326631	0.4658439
0.4494999	0.5046198
0.5161869
0.4420509	0.5107988
0.4776384	0.5178656
0.4732151

0.444884

0.4403764
0.4586665	0.5449977
0.4360363
0.4790743	0.5198341
0.4807617	0.4434619
0.4426248	0.4348793
0.484628	0.4998844
0.5269454
0.4747218
0.4718064	0.5295275	0.4681519
0.5109386	0.5210306
0.4549274
0.5172069	0.5331273
0.5490339
0.5671252	0.4788997
0.4839286	0.4838725
0.565534
0.4822123	0.5094955
0.4850738	0.5399316
0.4720513
0.5042843
0.5153361
0.5172394
0.4887587	0.5229777
0.4997017	0.4683072	0.4614083
0.4653096	0.5319123
0.4776744	0.560069
0.4950125
0.4829345
0.5208285
0.4648188	0.5374399
0.5354874
0.4356069	0.4578515	0.5074132
0.4734271	0.5100166	0.4919949
0.5533435	0.4595971	0.5025553	0.5249602	0.5223757

0.5580223	0.5357821
0.5007798
0.519997	0.4796609
0.4447245	0.4333488	0.4970606
0.4806604
0.4475318
0.5038675
0.4742994	0.510142
0.4712003	0.4556811
0.541396	0.4910022
0.4786881
0.4862536
0.5010878	0.5485653

0.5262706


0.5013443	0.5258029
0.4794468





0.5327791


0.4297053

0.5094415
0.4780352
0.5077595
0.4794453

0.5265893
0.4645846
0.481207
0.4918294
0.4833501
0.484422



0.4691049

0.5240544
0.4967391	0.4871289
0.5224312	0.5109217
0.5012186	0.4995636
0.480209	0.5293315
0.4749747	0.5678954
0.4987324	0.4596516
0.5334815	0.4313996
0.5440183	0.495633	0.5731374
0.5026438	0.5643873
0.4845019	0.5324273
0.4381488	0.5225172	0.4919872
0.4760856	0.5695305
0.4758351
0.4654319	0.4789842	0.5305662
0.5042961
0.4978173
0.4785566
0.536089	0.503772
0.4904296
0.5037693	0.4845845
0.4797118	0.5201644
0.5397421	0.4968666
0.5255538	0.4443339
0.4657573	0.4735588	0.5152854
0.5112272	0.4471393
0.524562	0.5114487
0.4717554	0.5159609	0.5255576
0.5097655	0.4400036	0.5204332
0.4673787	0.4858742	0.5330185
0.4973486	0.4812455
0.4417757	0.5371739
0.5173906

0.4859605



0.4532144	0.4933672
0.4812414	0.4695749
0.5323036
0.5310117

0.5524363	0.5390481
0.5080881
0.4964543	0.4959203
0.4778623
0.4434423	0.4428148
0.4301859
0.4359186
0.5163349
0.5542053
0.5098159	0.4526139
0.5667923	0.4948207
0.4871718	0.4679111
0.5040796	0.4748894	0.5151194	0.5237149
0.4475484	0.5057239
0.5454244	0.4263681	0.4944532	0.5003929
0.5270182
0.463185	0.4791489	0.4783892	0.50019
0.5307861	0.4846048
0.4842435	0.5403376	0.469465
0.4947861
0.481316	0.5095215	0.4078087	0.5336321	0.5147892	0.539635
0.4911767

0.5095825
0.4829133
0.4971865	0.5008863	0.5166792
0.5705704	0.4953416
0.5027973	0.5310852

0.5120064










0.438645
0.5724558
0.4849914	0.5463932

0.4931862
0.4965608

0.4908178
0.4822512	0.4563174	0.4953367
0.5216942	0.5213079

0.4699376
0.5346463
0.471227
0.5668664


0.498999

0.4763197



0.5392005
0.5241317
0.4470303	0.521136	0.5483869
0.4848961	0.5026247
0.4611572	0.4528555
0.474039	0.5000078
0.4465737	0.482949	0.5125065	0.4947989	0.5380312
0.4792643	0.4688658
0.4880427	0.5364671
0.5033863
0.4868832	0.4917406
0.5042697	0.5251951	0.5399208
0.4833743	0.5179961	0.4604537
0.46481	0.4517117	0.5017878	0.4763065
0.4924935	0.5496412
0.4397879	0.5349569
0.4589143	0.4835345
0.5296601
0.5149107
0.478079	0.5103795
0.4822116	0.4927421
0.4791313
0.4559542
0.5041693	0.5104589
0.5084951	0.4907523
0.4778104	0.502255
0.4551974
0.5152732	0.4812871	0.4497187
0.5146949
0.5088872
0.4907639
0.4371892
0.5466104	0.5044604
0.4989846
0.4568122	0.5086768
0.5324215	0.5123576
0.4476919
0.4824894	0.4766705	0.4996236
0.4789461
0.5256795	0.5265402
0.5659986	0.4945909
0.4792397	0.5485954	0.5087827	0.5183812
0.5154545	0.5406418	0.4822423
0.5608039	0.4784266	0.4561749
0.4919995	0.5128306
0.5038831	0.5440426	0.4762822	0.5080539
0.422178	0.5088204	0.4550205
0.4997457	0.5193592
0.4790164	0.4650113
0.4712315	0.5270146
0.4823344
0.5063238	0.5027634	0.5501608	0.5194922
0.4803373	0.4432327
0.5315937	0.5435103	0.4637896	0.5180774
0.4362796	0.4637377
0.5013923	0.554163	0.4676359	0.4996137
0.5029259	0.492646	0.4988393
0.5366446	0.4498886	0.470783
0.5036024	0.5217786	0.5212727	0.4503294
0.4867627	0.5526653	0.4769703
0.4990084	0.5156981
0.5019818	0.4843397
0.5141213	0.5051738	0.4601588
0.5486502	0.4597424
0.4824889	0.4857668
0.5619475
0.467022	0.4876273	0.5447867
0.5044925
0.5501849	0.4733499	0.5279043
0.5181242
0.456225

0.5123478	0.4959871



0.4986969	0.4780114


0.5052593

0.431152	0.5371382
0.4653517	0.4407473	0.5841126
0.4785817	0.4528444
0.4999688
0.5171219
0.5073159	0.454367
0.555318

0.4480669	0.4787691



0.4443197
0.4778427
0.4912351
0.4952565


0.4768614	0.4912361	0.5137631
0.4445801
0.489679	0.5425054
0.512789
0.5184039

0.5401649	0.5160167

0.4818804	0.5113499



0.5200553	0.4383867
0.5145848

0.4956642	0.5516144
0.5404972
0.4962025	0.5002562
0.479406
0.5519439	0.4713752
0.5151977	0.5710915
0.5053846	0.4664823	0.4374255
0.5356139	0.4782108	0.5006989
0.4692806	0.5176456
0.4635038	0.4691457	0.4983011
0.4341755	0.5809721
0.5443338
0.4749792
0.4588683	0.5536092
0.5062863	0.5522552
0.5597728	0.5002948
0.5219946	0.4725029	0.4783476
0.4127664	0.450998
0.4636333	0.4840539
0.470056	0.5229603
0.4860654	0.5124764	0.4747802
0.4780697	0.4473355	0.3931111
0.4598144	0.5207989	0.5080745	0.5214613	0.4328481
0.49802	0.476257	0.5270938	0.45892
0.580013	0.4437535	0.4230182
0.4813458	0.5504489	0.4834378
0.476453
0.4923522
0.5100164	0.5152264
0.4739497	0.3991997
0.4527594	0.3983923
0.5629391	0.4626754
0.5180285	0.5208667	0.4411157
0.4258121	0.4991883	0.5352437	0.4912084
0.5044667	0.4697307	0.527481
0.4762357
0.5203875
0.4970069
0.5379456
0.4715873	0.4756009	0.4593696
0.5196461	0.4313875	0.4923711	0.5033591
0.5032754	0.5314582
0.4624667
0.4532433	0.4834825
0.5292806
0.5230662	0.4769899	0.4607223	0.5153097	0.4902147
0.4707175	0.5168967	0.4930976
0.5035591
0.4907518
0.4805731	0.5271449
0.5061241
0.5234685	0.5584062	0.509887	0.5074307	0.4556909
0.5277952
0.4797112	0.5378784
0.4901621	0.5283664
0.4906441
0.520728	0.4536354
0.4677035	0.4430012	0.4646106
0.451807	0.5620172
0.5731833
0.4397382	0.4747859
0.3881439
0.4805047	0.5677265
0.4919215
0.4916198
0.5157717	0.5926292
0.4785764	0.5408746
0.4641467
0.5031505	0.4320742	0.5358919
0.4655349
0.5258296	0.5261785
0.5340068
0.4940685
0.5059453
0.5126303
0.5265593

0.4806291	0.5193768
0.5329234

0.4709637
0.476839	0.5477803
0.4992215	0.5258927

0.4784202

0.4990128
0.552262	0.5358746
0.4981722


0.5179268	0.5528634
0.509493
0.4985763

0.3781127




0.5234818	0.4268798
0.491433	0.4863541



0.4606914	0.5468286
0.5157606
0.4965687
0.4966408

0.493815
0.5480787
0.446295
0.5195204	0.4885332	0.5072809


0.4603667
0.4824113
0.5208546	0.4932953
0.4956063	0.4595619	0.5291337
0.5606165
0.4521184	0.5403623
0.4317129
0.4505863	0.5257042
0.5650708
0.4561098	0.5589431
0.5293851
0.5262186	0.4716181
0.5280732

0.5071416	0.4628159	0.5097648
0.4754375

0.5342188
0.5027123

0.5189023

0.4232453	0.5026223
0.4947668


0.5480079
0.4535496	0.5009697
0.5440675

0.5057633	0.4853911
0.5034483
0.467899
0.5523104	0.5134089	0.5419381



0.5313542	0.5449463

0.4856843

0.5763067	0.4753159
0.4637117	0.5031979
0.4404225

0.4769625






0.5035735	0.4950691

0.5326121
0.4753131	0.4293434
0.5228125




0.4800436


0.5026063

0.5050329
0.5030711

0.5200583	0.4875189
0.4982689

0.5216358
0.5326268	0.4856143
0.4907088	0.5245671	0.4749596
0.4494618	0.4913359
0.471674	0.4674142
0.5017902	0.4783436	0.5110512
0.4178355
0.5040131	0.5184892	0.5414029	0.4894842
0.4523379	0.5075737	0.5098203
0.4254009	0.5422538	0.4741458
0.5143547	0.5179279
0.4951739
0.5371829
0.4434617	0.5097602
0.5296204	0.4729413
0.5572465	0.4661427	0.5074002	0.4657336	0.4673171
0.5025951	0.478338
0.4748657
0.4946256
0.538999
0.4599899	0.5275998
0.5179912
0.4578574	0.4699504	0.4911058
0.5284701
0.4647139
0.5181227	0.4758949
0.4748489	0.5230588
0.5226126	0.5130368
0.4666176	0.5196541
0.521752
0.5543474
0.5324254	0.5140057	0.4200851
0.4637208
0.4795626
0.5102489	0.546126
0.5228433	0.4845504	0.5816978
0.4654165	0.4640967
0.4978799	0.5050577	0.4837734
0.4729453
0.465722	0.518738
0.5491556	0.5296457
0.5157029	0.5163622
0.4743071
0.4585351	0.467006
0.4664129	0.5115169
0.4894584	0.5166669	0.5737927
0.5224873	0.5683114
0.4910523
0.4985963	0.4930641
0.521407	0.5641291	0.5200123
0.4862303	0.5599662
0.4847443	0.5306962	0.5070787
0.466976	0.493202	0.4930046
0.4434715	0.4389479	0.4492532
0.4931061
0.4910962
0.461413
0.5067565	0.5514233
0.5195725	0.4662484	0.486587	0.5657161	0.4808406	0.5204083
0.4094101
0.4877069
0.4490806	0.5066936
0.4805945	0.5007466
0.5136101	0.5206251	0.513583	0.5253438
0.5051503	0.5147587	0.5159956
0.4704093	0.4968271
0.5223682
0.4701257
0.4756233	0.4466231
0.5052345	0.5130782
0.4449518	0.480841
0.4813123
0.5549029	0.4989698



0.5378846
0.4854707
0.4395282	0.5244911	0.503503
0.4714519	0.4815678
0.4864901	0.4682011
0.4429062	0.5081524

0.5073784
0.5107535
0.4734623	0.5191029
0.4313833	0.5069856	0.5323931	0.4898134
0.5655464	0.5356493	0.5049897	0.5206155	0.5394421	0.4631666

0.489393	0.5351071
0.5182414
0.4892629	0.520041
0.4860149	0.495555	0.5219476
0.498242	0.530003
0.4777193	0.4995655
0.4744622	0.4799289	0.54122
0.4543097	0.4813017	0.4609493
0.4800733
0.4527273
0.5240439	0.5281087	0.453037
0.4633441	0.5265543
0.4673721	0.4898861
0.4774129
0.5026782
0.4885944	0.4870435
0.5131824	0.4763346	0.4965245


0.515515	0.4851566
0.5303166	0.5098443	0.4999133
0.4659725
0.4795972
0.4928313
0.5272993
0.4559508	0.497763
0.5071193	0.454255
0.4985999	0.4769373
0.4386021	0.5134308
0.5268261
0.4700705	0.4595935
0.5199939
0.4768444
0.495088	0.5472883
0.5274886	0.5561343
0.5486007
0.5556006
0.5133072	0.5428087
0.5019825	0.5631988	0.5030123
0.4212442
0.5015357
0.5270608
0.4698183	0.4710287
0.4249978
0.4744006	0.5198075
0.486625	0.5086515
0.46014	0.4989268	0.5113632	0.5070292
0.578417	0.49194	0.5086795
0.5395682	0.5208711	0.5022832
0.4408211	0.490327
0.4719045
0.4933073	0.4510687	0.5198754	0.5246534
0.5215095


0.5576171
0.4970859


0.5349552	0.5247782
0.4683949
0.560139

0.4915175
0.5407107	0.5186146	0.477074
0.4921703	0.5000184	0.5627719	0.5263892	0.498202
0.4909497	0.5063058
0.5054741
0.4548856
0.5268621	0.4576004	0.5060189
0.5077171
0.473051
0.4781211	0.5219937
0.5341518
0.5587896	0.5217826
0.5096832
0.4987066
0.4704205
0.5147472
0.5321663	0.5275296
0.530146	0.4292749	0.4396613
0.523333	0.5607255
0.46643	0.5092192
0.4970846	0.5542873
0.4788336
0.5141948
0.4608803	0.53279
0.4328931	0.5220265
0.4392895	0.5626064
0.4077206
0.5268593	0.4871007

0.4791342	0.5285817
0.5274514
0.4952629



0.4567658	0.4866083
0.4929865	0.507808
0.4955571	0.4982496	0.5392298
0.5309852
0.462555
0.4507676	0.5071772
0.4670603	0.5582589
0.4662508
0.5464261	0.4877655	0.5554908
0.4543349
0.5153539	0.5187189
0.4446341	0.4944855
0.4592048
0.5421297	0.477135	0.5039593
0.441351	0.4609053	0.5556937
0.4359227
0.4702713
0.5363123
0.4746494	0.5109291
0.435647	0.5243857
0.4417812	0.5125249	0.5022296
0.451659
0.439485
0.5149631
0.5027303	0.5141603
0.5567986	0.4750888
0.4612507	0.4909743
0.5437039
0.4712716	0.5349834

0.5014483	0.5238829	0.4820014
0.5221844
0.5000018
0.4673
0.5492912	0.506132	0.4454927	0.4802005
0.4832862
0.5111293
0.4847637	0.4880739
0.5047359	0.5108685	0.4316758
0.5024399	0.5421354	0.5463838
0.4408751
0.4607625	0.496225
0.5045492	0.4984119	0.5428618
0.4957508
0.4919539	0.5382142
0.4354145
0.4695761	0.4728406
0.5201843	0.5155166
0.4845591	0.4629293
0.4948902	0.491843
0.5129234	0.5064707
0.5244857
0.4526157	0.4859939	0.4940032	0.5322938
0.5018427
0.5718635
0.4426971
0.4752732	0.4459359	0.5147755
0.4542111	0.5092223
0.5575646	0.4112299
0.5376208
0.5260471




0.547386
0.5157354
0.443779	0.4729908

0.4962226


0.4755734
0.4850643

0.4845062	0.525254
0.4987964
0.4194552	0.4782092
0.4631601
0.525481
0.4170367
0.4769988	0.4788138	0.5179117

0.4894539	0.5350796	0.5206559	0.4699948
0.5795911	0.4553325	0.4834322

0.4957735

0.5394216
0.4952971

0.4918677
0.471727
0.5021725
0.4890289
0.4749293	0.5329941
0.500138
0.513135	0.4484901	0.4860682
0.5104589
0.5067815	0.5247752
0.4736489	0.4957617	0.4709653
0.4600112
0.5206792
0.5001593	0.573824
0.4494298
0.492736
0.5194131	0.493481	0.4865601
0.5269697	0.467645	0.477036
0.5513262	0.5412267
0.557997	0.5160892	0.4532406
0.5166188
0.5122911
0.4497766	0.5111484
0.4749708
0.4484809
0.4619726
0.4684206
0.5321187
0.5096352
0.5525711
0.4720435
0.4455764	0.4808802
0.5011102
0.5134715	0.4738155
0.4692802	0.5049137	0.4779984
0.4152408	0.5068368
0.4505833	0.4197508
0.4773682	0.4951913
0.5045828	0.4661701	0.4725719
0.5012932
0.5476323


0.5333344	0.5438459
0.4701647	0.5043533
0.5229061	0.5119013	0.5168486	0.5726276
0.5361464	0.5128291	0.5239462
0.5113623	0.4954957
0.4881193
0.5272019
0.4483482	0.5464068
0.5183597	0.5249417
0.4586472
0.5028913	0.5310382
0.5045464
0.518824	0.5886705	0.4975775
0.4882108
0.5177605	0.4889449
0.4957678	0.5155789
0.4636432	0.5141786
0.5105347
0.518887
0.4707323
0.5398574	0.5451487	0.5274869	0.4842544	0.5101668
0.5085638	0.531872
0.4495434	0.5272981
0.5029438	0.5221107
0.5098876
0.4915976	0.5150526
0.4883212
0.5827826	0.5336218	0.4355004
0.5132139
0.5215679	0.4985127	0.4832522	0.4792287
0.5044646	0.4760164	0.4975546
0.5369186
0.4812259
0.537968

0.514535	0.5207978	0.4640687
0.542128

0.4953739
0.4943318



0.4895772	0.4936154
0.4509194	0.5273365	0.4792754
0.4885441	0.4890053	0.4491536
0.4465831	0.4737843	0.5437839
0.5531197	0.5054435
0.4526895
0.5090982
0.509686	0.4300596	0.4703748
0.5281288	0.5200058




0.5200267	0.463961	0.4629372

0.4765822	0.478406	0.5254603
0.4979367
0.4789583
0.5523127
0.4299108	0.4848392	0.4915721
0.4884199	0.5302623


0.4518107	0.5596676
0.4977095

0.4695102	0.4928144
0.4620684
0.5295733	0.4747884
0.4620939
0.4980649
0.5047706	0.5014751
0.4192531	0.4285918	0.4463936
0.5457054	0.5479527
0.5097821	0.4743467	0.4770273
0.5308833	0.4762634
0.4734794	0.4863116	0.5287128	0.5082872
0.4826251	0.5421235	0.4826103
0.4598311	0.4992081	0.5383844	0.4342102
0.4987766
0.4948747	0.5437127	0.4768096
0.4748973
0.4731662	0.4795505
0.5099082	0.484012
0.5273119	0.49397
0.478687
0.4589908	0.5700872
0.4987708	0.4895915
0.4923664	0.5350668
0.4976255	0.4492942	0.44918
0.4746323	0.4314977	0.4588754
0.497092
0.5401115	0.4663708
0.5159111	0.4650405	0.4911349
0.5254726	0.5028668
0.5091581	0.5303853	0.4941103
0.4763088
0.4738313
0.4811376

0.4760553	0.524906


0.5156567
0.4550352




0.4331704	0.5020285	0.5237572

0.4636247	0.5238674
0.5059865
0.4848539	0.5395653	0.5120637
0.5035785	0.575783	0.4906634
0.4948089
0.4500359	0.5092409
0.5694303
0.4781526
0.5114393	0.5244869
